BTC_T,BTC_H,BTC_S,BTC_D
200,111,185,15
301,155,268,33
260,148,241,19
375,206,344,31
271,148,247,24
254,141,233,21
227,117,201,26
245,125,217,28
329,184,304,25
268,146,243,25
307,164,273,34
278,154,255,23
345,190,316,29
358,196,327,31
258,135,228,30
248,138,228,20
292,160,267,25
276,149,250,26
286,155,262,24
312,167,280,32
209,114,190,19
294,156,266,28
300,166,274,26
268,140,242,26
181,94,161,20
283,160,260,23
248,137,228,20
291,158,265,26
164,91,150,14
316,183,295,21
297,157,271,26
232,124,211,21
304,173,282,22
150,82,136,14
127,67,115,12
289,161,265,24
303,174,281,22
279,150,255,24
264,148,244,20
259,142,236,23
248,134,225,23
305,163,271,34
255,145,236,19
308,156,269,39
263,139,237,26
277,157,255,22
219,121,201,18
269,151,247,22
236,130,217,19
326,183,299,27
246,141,227,19
260,144,239,21
264,138,235,29
315,174,289,26
333,185,307,26
232,122,208,24
249,142,231,18
367,211,342,25
269,142,239,30
236,133,216,20
271,153,251,20
270,146,246,24
268,142,244,24
280,157,257,23
265,148,245,20
337,187,308,29
237,134,220,17
282,161,261,21
296,160,272,24
239,130,216,23
305,154,268,37
317,175,289,28
201,107,179,22
304,172,278,26
275,153,250,25
294,168,272,22
269,147,244,25
269,148,246,23
293,163,267,26
253,138,230,23
285,151,255,30
274,146,247,27
261,149,244,17
274,147,246,28
362,201,331,31
219,123,203,16
247,136,226,21
272,147,245,27
278,153,254,24
355,200,327,28
342,187,312,30
134,74,121,13
244,137,223,21
271,141,242,29
268,144,246,22
272,145,243,29
193,102,171,22
279,155,254,25
287,157,261,26
272,145,245,27
153,79,137,16
327,182,300,27
376,211,346,30
353,194,323,30
284,154,257,27
282,159,261,21
327,178,295,32
341,190,312,29
352,196,321,31
258,142,235,23
228,126,207,21
162,87,146,16
238,125,212,26
418,225,380,38
155,84,142,13
268,146,246,22
256,144,235,21
321,174,293,28
285,163,263,22
265,152,244,21
321,179,294,27
295,165,272,23
188,96,169,19
252,138,228,24
336,189,311,25
297,161,266,31
312,177,287,25
176,96,161,15
219,118,198,21
299,167,273,26
364,193,331,33
258,138,230,28
226,125,206,20
297,169,274,23
185,105,170,15
359,187,319,40
279,153,254,25
263,145,239,24
284,158,261,23
313,176,289,24
278,154,256,22
267,148,246,21
278,155,256,22
366,203,335,31
267,150,245,22
283,161,263,20
214,122,197,17
234,133,217,17
350,181,311,39
216,121,199,17
173,97,158,15
261,148,240,21
341,193,315,26
274,153,254,20
148,82,136,12
201,117,188,13
228,122,206,22
280,157,257,23
205,113,187,18
251,145,234,17
272,145,244,28
274,155,254,20
327,173,291,36
281,153,255,26
313,179,290,23
265,141,238,27
290,162,267,23
320,174,292,28
186,100,168,18
234,132,215,19
269,152,249,20
266,151,246,20
280,149,252,28
244,133,224,20
351,189,318,33
250,140,232,18
216,113,190,26
189,111,177,12
295,157,268,27
153,82,137,16
348,189,315,33
191,104,175,16
197,111,182,15
267,150,247,20
256,137,234,22
337,192,312,25
259,142,236,23
255,140,235,20
278,161,260,18
371,210,344,27
293,154,261,32
172,95,156,16
172,91,154,18
344,191,313,31
252,136,227,25
251,139,227,24
221,122,202,19
219,113,192,27
294,152,261,33
194,111,180,14
363,193,325,38
276,155,257,19
274,148,248,26
348,185,312,36
259,145,238,21
328,180,299,29
258,139,234,24
303,171,280,23
285,158,263,22
315,174,289,26
256,141,237,19
363,181,318,45
285,155,257,28
225,129,208,17
160,84,144,16
255,138,233,22
285,155,261,24
287,150,257,30
296,169,274,22
270,148,245,25
284,158,261,23
257,137,232,25
280,153,255,25
277,141,247,30
350,190,321,29
319,179,294,25
301,173,279,22
352,190,320,32
261,139,235,26
218,125,203,15
182,97,163,19
273,147,247,26
254,143,236,18
180,98,164,16
196,105,176,20
293,161,267,26
368,199,332,36
277,155,253,24
308,172,281,27
255,137,230,25
226,126,205,21
200,106,179,21
335,192,313,22
348,194,319,29
251,135,228,23
294,146,259,35
247,142,229,18
232,124,211,21
371,206,340,31
200,109,182,18
304,163,270,34
277,154,254,23
233,128,212,21
266,146,243,23
258,140,236,22
295,163,270,25
262,143,237,25
274,145,245,29
252,141,234,18
249,134,226,23
277,161,257,20
292,158,264,28
264,144,243,21
308,174,287,21
241,132,220,21
156,80,137,19
246,141,229,17
217,124,202,15
347,186,310,37
289,155,262,27
235,131,217,18
266,147,244,22
279,143,255,24
276,152,253,23
195,111,180,15
316,165,282,34
263,145,239,24
234,123,211,23
279,158,257,22
144,80,130,14
293,169,272,21
297,161,266,31
366,200,332,34
304,163,273,31
216,123,199,17
277,152,256,21
257,139,233,24
318,173,289,29
224,120,203,21
250,145,233,17
219,125,202,17
289,158,262,27
232,129,211,21
203,117,189,14
257,144,235,22
277,154,251,26
326,173,293,33
192,104,173,19
314,176,288,26
296,170,274,22
383,216,353,30
271,151,251,20
362,202,331,31
268,146,244,24
294,159,268,26
307,173,284,23
285,155,257,28
275,160,257,18
161,84,143,18
260,133,228,32
281,156,257,24
263,151,245,18
237,120,207,30
211,117,194,17
302,168,277,25
338,186,308,30
274,149,252,22
182,96,164,18
338,182,305,33
298,162,271,27
268,155,251,17
195,101,173,22
326,177,297,29
283,161,261,22
278,155,253,25
265,150,244,21
286,162,263,23
322,180,295,27
370,208,340,30
220,126,204,16
336,184,306,30
178,92,157,21
320,175,291,29
181,93,159,22
232,133,215,17
304,158,272,32
189,105,172,17
155,85,141,14
257,138,232,25
199,113,184,15
303,167,277,26
188,108,174,14
277,156,256,21
300,170,277,23
291,159,261,30
273,151,250,23
276,154,254,22
183,102,167,16
166,92,153,13
219,123,200,19
322,173,290,32
300,166,276,24
268,153,249,19
296,156,265,31
263,149,245,18
268,150,247,21
326,177,294,32
257,137,231,26
230,128,210,20
249,141,230,19
299,155,266,33
299,169,274,25
306,171,285,21
166,90,151,15
258,136,231,27
262,143,239,23
305,172,280,25
281,158,258,23
274,156,253,21
272,152,250,22
280,149,252,28
244,125,217,27
278,161,259,19
374,204,343,31
272,151,247,25
282,159,258,24
383,209,351,32
310,174,283,27
249,139,228,21
251,138,228,23
282,161,262,20
247,138,225,22
275,144,243,32
198,102,174,24
299,165,273,26
247,140,228,19
205,115,188,17
251,143,233,18
265,141,238,27
364,198,332,32
370,195,331,39
367,197,331,36
302,168,277,25
240,138,221,19
290,161,266,24
230,124,209,21
271,148,246,25
214,119,198,16
297,168,272,25
337,181,304,33
311,173,286,25
244,139,225,19
218,122,199,19
211,111,190,21
377,209,346,31
283,154,258,25
285,158,261,24
310,170,285,25
288,159,262,26
189,102,171,18
346,187,313,33
239,135,221,18
291,162,266,25
287,146,254,33
291,153,259,32
246,140,227,19
277,155,254,23
256,138,232,24
174,94,158,16
259,142,236,23
291,163,268,23
198,103,175,23
208,124,196,12
301,171,278,23
212,111,190,22
238,131,218,20
297,165,271,26
261,153,244,17
284,150,255,29
224,123,202,22
260,145,239,21
291,166,269,22
166,89,150,16
167,89,151,16
325,182,300,25
293,153,261,32
282,160,260,22
203,106,181,22
321,174,291,30
247,136,225,22
273,146,248,25
327,177,302,25
293,164,268,25
225,117,198,27
296,164,271,25
274,156,255,19
298,154,269,29
297,170,275,22
261,134,232,29
345,172,301,44
283,151,253,30
281,151,253,28
290,167,269,21
379,193,337,42
231,130,212,19
284,160,262,22
308,170,282,26
292,160,267,25
256,132,226,30
342,189,311,31
268,142,244,24
288,164,266,22
279,165,262,17
252,139,230,22
270,149,247,23
298,171,276,22
305,168,280,25
228,128,210,18
181,99,164,17
226,119,203,23
195,103,173,22
248,135,225,23
132,71,119,13
274,151,249,25
195,105,175,20
287,156,260,27
278,151,256,22
267,144,244,23
289,165,268,21
242,131,218,24
282,155,256,26
213,112,190,23
342,186,309,33
259,144,236,23
294,154,264,30
377,205,345,32
303,173,280,23
278,154,256,22
301,173,280,21
308,172,283,25
243,127,219,24
270,150,247,23
338,184,310,28
383,218,354,29
326,181,296,30
294,163,270,24
263,145,241,22
239,134,221,18
305,170,279,26
329,191,306,23
213,104,185,28
289,162,263,26
203,109,184,19
310,166,279,31
326,168,293,33
133,73,123,10
225,127,207,18
238,128,214,24
265,145,241,24
216,117,194,22
291,154,260,31
298,162,271,27
282,153,256,26
320,171,288,32
322,183,297,25
240,138,224,16
360,202,332,28
354,200,327,27
251,137,227,24
266,151,245,21
272,145,249,23
270,144,243,27
260,147,240,20
246,131,221,25
332,179,302,30
315,163,278,37
287,151,260,27
306,172,281,25
222,115,195,27
274,149,250,24
356,197,325,31
253,140,232,21
296,165,267,29
279,163,261,18
326,181,298,28
179,91,157,22
272,144,245,27
273,151,250,23
266,148,243,23
268,147,244,24
224,126,205,19
318,159,279,39
356,193,323,33
301,162,275,26
241,130,218,23
285,163,264,21
254,132,226,28
254,135,227,27
263,144,238,25
327,183,300,27
301,163,272,29
261,138,235,26
318,170,284,34
257,144,236,21
290,163,265,25
327,183,300,27
299,165,272,27
337,183,304,33
199,113,183,16
203,117,190,13
202,113,185,17
271,157,252,19
302,170,277,25
271,149,248,23
299,152,265,34
285,157,260,25
358,193,325,33
244,131,223,21
285,157,258,27
186,104,170,16
262,143,242,20
280,145,247,33
385,211,349,36
273,156,251,22
184,99,166,18
287,158,261,26
216,128,201,15
278,149,251,27
234,131,214,20
269,146,242,27
271,152,251,20
274,156,253,21
330,181,300,30
253,149,238,15
278,162,260,18
276,150,250,26
231,129,211,20
268,157,250,18
269,146,244,25
315,178,289,26
281,166,264,17
294,166,270,24
306,161,274,32
244,131,223,21
265,149,245,20
279,158,258,21
360,192,325,35
268,143,242,26
311,167,277,34
194,100,171,23
311,164,277,34
235,128,212,23
379,210,346,33
281,156,257,24
210,121,192,18
289,163,266,23
220,121,201,19
288,162,265,23
249,140,230,19
286,159,261,25
248,137,226,22
340,180,302,38
277,149,248,29
191,111,178,13
206,117,190,16
355,183,314,41
307,162,278,29
174,93,155,19
258,141,237,21
282,161,263,19
327,185,301,26
324,180,299,25
349,185,310,39
296,162,272,24
345,189,315,30
255,137,231,24
190,101,172,18
315,179,292,23
279,155,254,25
180,100,164,16
254,147,237,17
271,141,242,29
236,128,215,21
224,128,208,16
231,131,212,19
261,135,233,28
337,182,303,34
170,91,154,16
290,152,260,30
294,157,269,25
292,164,270,22
318,169,284,34
316,172,287,29
251,133,227,24
301,171,278,23
343,187,310,33
307,173,282,25
213,123,198,15
299,163,271,28
298,170,276,22
264,150,245,19
236,137,220,16
273,153,249,24
280,160,259,21
360,192,325,35
291,158,263,28
373,210,344,29
254,135,228,26
190,99,168,22
273,154,252,21
379,198,339,40
240,136,220,20
266,146,241,25
404,220,366,38
288,159,263,25
266,153,247,19
299,172,277,22
227,126,207,20
156,83,139,17
254,137,230,24
272,155,252,20
288,154,260,28
281,151,254,27
163,88,148,15
257,140,232,25
224,123,204,20
343,188,311,32
269,149,246,23
314,168,285,29
297,167,275,22
256,145,237,19
299,159,265,34
307,174,284,23
204,115,186,18
274,153,252,22
190,108,176,14
239,135,221,18
272,142,244,28
329,180,300,29
240,135,219,21
338,177,309,29
255,138,232,23
336,187,308,28
280,154,255,25
250,138,228,22
258,147,240,18
271,148,247,24
240,133,220,20
295,158,265,30
269,153,248,21
261,143,237,24
280,146,253,27
373,201,338,35
173,95,159,14
264,138,238,26
297,167,274,23
353,200,329,24
287,158,262,25
158,84,142,16
290,167,270,20
273,145,248,25
243,134,222,21
151,84,138,13
197,109,180,17
327,181,299,28
283,157,259,24
270,144,243,27
337,181,306,31
268,150,244,24
287,160,262,25
312,164,280,32
268,140,239,29
214,118,196,18
305,163,271,34
250,137,229,21
336,181,305,31
223,125,205,18
332,184,303,29
324,187,302,22
355,183,314,41
296,171,278,18
346,185,315,31
277,157,255,22
240,131,220,20
349,182,309,40
269,150,248,21
246,136,223,23
192,101,172,20
340,189,311,29
265,150,244,21
350,193,320,30
250,142,231,19
236,130,215,21
374,208,343,31
349,193,320,29
266,148,243,23
278,147,251,27
270,151,246,24
284,151,257,27
253,139,230,23
322,184,298,24
263,150,243,20
319,171,286,33
162,90,149,13
260,134,232,28
319,180,293,26
256,146,237,19
375,213,349,26
248,135,224,24
204,113,185,19
216,116,196,20
251,140,230,21
272,146,246,26
298,168,273,25
199,109,183,16
247,129,220,27
267,146,242,25
217,123,201,16
174,90,156,18
216,117,197,19
226,121,203,23
266,151,246,20
278,150,253,25
321,167,293,28
344,182,307,37
263,149,242,21
244,143,227,17
156,79,136,20
170,93,155,15
297,165,273,24
351,196,321,30
295,167,271,24
387,206,348,39
173,95,157,16
256,144,236,20
206,109,188,18
241,131,219,22
298,167,275,23
253,138,230,23
255,138,232,23
244,131,219,25
176,99,161,15
316,171,288,28
211,111,187,24
194,100,171,23
208,114,189,19
171,101,160,11
260,148,239,21
311,178,287,24
230,130,212,18
204,110,184,20
301,154,267,34
244,135,223,21
260,142,237,23
269,151,247,22
337,180,304,33
369,205,340,29
270,156,252,18
321,176,292,29
295,167,271,24
304,166,278,26
370,203,339,31
377,209,344,33
291,163,268,23
282,160,260,22
313,166,280,33
318,168,285,33
211,119,194,17
280,148,249,31
361,190,325,36
365,202,334,31
274,152,250,24
208,118,194,14
298,170,276,22
256,137,230,26
252,142,233,19
311,174,285,26
315,175,288,27
247,139,229,18
270,145,244,26
272,155,252,20
261,143,236,25
272,153,250,22
277,151,253,24
230,122,206,24
187,106,172,15
275,140,243,32
281,161,262,19
325,177,295,30
279,150,253,26
292,152,261,31
265,147,243,22
259,135,234,25
173,95,158,15
233,131,215,18
269,154,250,19
262,147,242,20
262,144,240,22
352,202,328,24
339,187,308,31
279,147,249,30
287,150,259,28
255,137,227,28
314,176,288,26
284,161,262,22
250,138,227,23
252,136,227,25
304,159,274,30
283,153,255,28
229,128,211,18
299,159,265,34
268,150,244,24
333,181,301,32
278,150,251,27
284,157,261,23
307,172,281,26
324,178,297,27
309,173,285,24
263,139,236,27
267,153,249,18
329,184,301,28
342,185,310,32
205,113,187,18
298,164,271,27
315,165,282,33
253,130,222,31
251,145,234,17
152,78,133,19
273,150,248,25
277,156,257,20
250,142,231,19
352,195,320,32
286,162,263,23
231,129,210,21
307,164,281,26
259,146,239,20
295,160,269,26
246,133,223,23
271,150,248,23
261,138,235,26
287,157,260,27
203,109,182,21
130,71,118,12
228,123,207,21
313,172,284,29
263,150,244,19
247,136,226,21
274,153,251,23
251,139,228,23
256,144,236,20
339,184,306,33
293,164,269,24
304,171,281,23
298,166,274,24
195,102,174,21
310,166,282,28
259,145,237,22
308,165,278,30
268,150,245,23
133,72,119,14
269,151,250,19
291,166,269,22
337,187,309,28
287,164,265,22
296,167,274,22
252,142,233,19
268,145,244,24
337,178,301,36
370,216,345,25
293,152,263,30
272,150,250,22
270,147,246,24
292,165,270,22
271,152,250,21
262,141,241,21
245,133,221,24
293,160,265,28
265,138,239,26
254,142,235,19
286,158,262,24
254,137,230,24
274,152,253,21
265,138,239,26
286,157,261,25
291,162,263,28
322,175,292,30
258,135,228,30
187,99,167,20
313,174,286,27
328,180,298,30
266,145,242,24
294,169,273,21
207,113,191,16
257,141,235,22
240,134,220,20
347,189,315,32
296,161,267,29
237,129,214,23
290,163,267,23
191,107,175,16
213,119,195,18
348,195,319,29
326,181,297,29
141,80,130,11
331,182,303,28
328,177,297,31
353,195,322,31
262,142,239,23
171,93,154,17
303,174,281,22
250,139,231,19
282,155,255,27
305,169,279,26
292,168,270,22
222,125,204,18
149,83,137,12
307,168,280,27
265,151,244,21
380,190,333,47
259,144,237,22
200,113,184,16
325,182,297,28
278,149,250,28
228,127,208,20
263,139,237,26
254,137,232,22
307,158,270,37
260,145,237,23
208,117,190,18
301,166,275,26
271,157,253,18
280,148,248,32
312,167,281,31
193,106,176,17
292,158,265,27
421,233,385,36
264,143,240,24
258,147,238,20
292,170,274,18
282,149,252,30
319,173,288,31
308,170,281,27
289,165,268,21
313,160,274,39
242,129,219,23
249,130,223,26
281,161,261,20
205,114,187,18
381,209,350,31
219,122,200,19
268,147,243,25
237,130,213,24
243,130,219,24
168,97,157,11
236,129,216,20
302,166,276,26
235,128,214,21
275,143,245,30
347,200,325,22
307,171,281,26
245,134,223,22
186,99,167,19
284,161,262,22
309,176,287,22
152,88,140,12
176,93,160,16
246,129,220,26
301,162,272,29
255,130,227,28
246,140,226,20
357,202,330,27
293,162,268,25
281,148,254,27
250,134,227,23
284,151,254,30
324,180,295,29
306,170,277,29
303,166,276,27
261,147,239,22
282,151,254,28
197,108,179,18
343,188,313,30
356,195,326,30
275,157,254,21
405,222,371,34
275,153,253,22
230,129,212,18
261,144,238,23
263,137,234,29
334,181,306,28
268,155,250,18
199,108,180,19
221,118,198,23
264,143,241,23
275,153,251,24
276,156,254,22
255,136,230,25
260,145,238,22
352,191,318,34
354,177,314,40
301,162,271,30
271,145,246,25
258,142,235,23
254,143,234,20
276,156,255,21
310,168,279,31
162,92,149,13
236,126,212,24
234,129,212,22
333,193,311,22
279,158,257,22
353,196,326,27
287,163,267,20
255,148,238,17
280,152,255,25
268,143,242,26
269,147,246,23
244,127,217,27
393,217,360,33
276,148,249,27
281,152,253,28
302,164,277,25
311,167,279,32
380,214,350,30
372,199,337,35
172,94,155,17
153,84,139,14
233,124,211,22
263,147,243,20
267,152,247,20
327,186,302,25
316,168,285,31
299,170,277,22
175,93,157,18
229,129,211,18
176,98,161,15
306,171,280,26
293,162,267,26
286,160,263,23
370,215,349,21
279,160,258,21
349,193,320,29
262,140,239,23
291,152,261,30
234,120,205,29
222,126,206,16
277,153,253,24
310,169,284,26
365,198,329,36
303,155,266,37
361,204,334,27
302,172,278,24
259,137,234,25
275,150,250,25
269,148,245,24
257,139,231,26
291,154,262,29
290,163,266,24
246,131,219,27
357,197,325,32
249,135,224,25
231,130,211,20
260,150,242,18
237,121,209,28
281,157,256,25
368,189,326,42
247,137,226,21
266,150,243,23
303,169,280,23
249,142,230,19
257,149,239,18
321,173,290,31
313,177,289,24
377,205,345,32
269,142,242,27
338,185,306,32
274,153,252,22
308,176,286,22
219,121,199,20
291,156,263,28
237,132,215,22
176,93,158,18
255,141,233,22
295,159,267,28
374,212,345,29
195,100,171,24
245,140,225,20
320,170,289,31
281,156,257,24
346,187,313,33
186,104,170,16
232,133,214,18
212,116,194,18
364,200,331,33
370,200,338,32
326,180,298,28
280,162,262,18
324,186,302,22
321,167,285,36
270,156,251,19
242,139,224,18
294,155,262,32
232,128,211,21
317,174,287,30
314,177,292,22
270,143,244,26
349,186,314,35
272,149,248,24
243,132,221,22
282,160,261,21
250,138,227,23
277,149,251,26
223,121,202,21
249,137,229,20
275,154,253,22
307,165,276,31
317,171,291,26
394,221,363,31
264,145,240,24
267,153,248,19
223,122,203,20
175,97,161,14
285,156,258,27
384,208,348,36
247,144,230,17
304,162,273,31
177,102,165,12
200,105,179,21
348,194,321,27
283,157,259,24
251,135,228,23
231,129,211,20
313,166,281,32
187,102,171,16
372,192,331,41
314,176,288,26
364,197,331,33
318,170,288,30
273,140,242,31
238,131,217,21
261,143,237,24
294,165,271,23
279,146,251,28
270,146,245,25
248,138,228,20
192,111,179,13
230,127,211,19
291,150,258,33
260,142,236,24
315,172,288,27
258,143,235,23
331,181,302,29
267,145,242,25
381,209,350,31
308,171,282,26
183,102,167,16
313,170,286,27
247,138,226,21
308,172,285,23
274,157,256,18
320,178,292,28
165,85,145,20
308,176,284,24
170,97,156,14
225,119,201,24
361,196,329,32
228,121,205,23
348,196,323,25
197,105,177,20
178,101,164,14
209,110,186,23
357,202,328,29
316,169,284,32
264,154,246,18
306,170,282,24
268,145,242,26
303,174,281,22
346,188,314,32
342,178,308,34
297,160,270,27
231,132,213,18
303,160,272,31
349,188,317,32
248,138,226,22
233,130,215,18
286,161,264,22
198,113,184,14
264,147,240,24
174,101,162,12
178,103,165,13
203,116,189,14
271,151,247,24
233,125,213,20
280,151,252,28
245,137,226,19
238,128,214,24
301,167,276,25
275,152,249,26
232,130,212,20
254,144,235,19
256,145,237,19
222,124,204,18
249,134,225,24
295,153,263,32
351,184,319,32
210,121,192,18
284,149,257,27
236,141,221,15
268,149,244,24
294,161,268,26
249,145,232,17
365,203,338,27
247,134,224,23
215,114,194,21
307,171,283,24
299,166,274,25
173,95,158,15
234,128,211,23
261,143,239,22
319,159,281,38
265,145,239,26
301,165,274,27
275,150,251,24
242,134,222,20
301,170,276,25
239,137,223,16
300,172,278,22
275,147,249,26
236,130,215,21
195,101,174,21
243,140,225,18
323,178,297,26
275,150,250,25
235,131,215,20
267,143,240,27
260,142,238,22
316,181,292,24
294,166,268,26
284,155,258,26
314,168,280,34
287,158,262,25
169,87,149,20
290,158,264,26
384,217,354,30
293,149,263,30
276,151,252,24
248,141,230,18
211,110,190,21
251,145,234,17
237,135,219,18
318,170,286,32
183,94,162,21
202,107,181,21
259,142,236,23
284,161,261,23
296,159,269,27
297,162,272,25
278,156,254,24
282,152,255,27
185,95,163,22
300,172,278,22
229,126,210,19
342,181,303,39
341,190,310,31
285,150,257,28
271,146,247,24
252,136,230,22
296,164,271,25
253,138,230,23
252,140,230,22
358,195,324,34
246,142,228,18
283,155,262,21
260,144,240,20
241,134,220,21
297,168,275,22
279,156,256,23
268,152,248,20
384,209,350,34
375,197,336,39
249,133,225,24
329,187,304,25
357,203,332,25
283,153,256,27
329,179,301,28
237,131,214,23
307,167,279,28
224,122,205,19
332,177,300,32
247,143,229,18
252,131,222,30
260,144,238,22
303,178,283,20
280,153,257,23
330,183,302,28
340,181,306,34
349,188,317,32
266,144,242,24
172,98,159,13
302,161,268,34
365,205,335,30
297,168,274,23
277,165,260,17
256,135,226,30
299,161,271,28
282,152,256,26
245,131,221,24
371,205,338,33
286,154,258,28
296,167,274,22
296,175,279,17
361,193,326,35
318,180,294,24
235,125,212,23
279,154,255,24
294,168,272,22
233,131,212,21
388,210,351,37
281,148,253,28
269,148,245,24
323,173,292,31
286,164,264,22
348,191,316,32
308,171,283,25
303,170,278,25
414,208,367,47
324,167,288,36
301,157,268,33
204,110,183,21
276,163,259,17
266,152,245,21
276,143,247,29
247,130,219,28
233,128,212,21
302,172,279,23
258,138,230,28
327,183,299,28
266,149,245,21
247,133,223,24
281,151,253,28
305,162,272,33
259,150,242,17
307,178,286,21
252,133,228,24
142,76,129,13
241,133,222,19
269,148,244,25
259,138,233,26
250,137,228,22
390,213,357,33
251,132,224,27
187,92,162,25
203,110,185,18
322,168,288,34
212,116,191,21
185,97,167,18
291,162,267,24
385,196,342,43
341,183,307,34
272,148,246,26
277,159,256,21
200,111,182,18
278,157,256,22
299,167,273,26
277,153,254,23
287,161,265,22
193,107,176,17
292,148,260,32
258,144,238,20
273,152,250,23
296,168,273,23
231,134,214,17
259,146,238,21
256,140,233,23
291,165,269,22
319,185,296,23
245,131,222,23
376,207,343,33
250,133,223,27
281,150,253,28
267,146,242,25
311,175,289,22
340,185,308,32
277,146,249,28
299,157,268,31
264,145,240,24
335,180,303,32
161,83,144,17
337,187,310,27
341,190,313,28
273,155,251,22
386,211,354,32
284,162,263,21
228,122,206,22
272,153,250,22
280,155,256,24
241,133,219,22
316,169,287,29
243,138,225,18
233,131,213,20
367,198,332,35
156,89,144,12
260,145,240,20
294,162,267,27
186,101,170,16
317,180,294,23
264,141,236,28
282,154,255,27
243,131,218,25
136,77,124,12
282,161,260,22
241,137,221,20
293,166,273,20
295,168,275,20
323,169,289,34
228,122,207,21
202,116,187,15
177,87,152,25
194,103,173,21
307,165,273,34
229,129,211,18
337,180,309,28
281,161,261,20
302,166,275,27
168,97,157,11
357,186,317,40
298,165,272,26
305,168,277,28
381,209,350,31
265,150,244,21
180,97,163,17
290,162,266,24
274,155,252,22
278,148,249,29
253,143,235,18
267,143,241,26
267,142,243,24
237,129,219,18
343,186,311,32
289,169,270,19
305,162,277,28
199,108,180,19
317,183,295,22
240,131,220,20
307,175,284,23
177,101,163,14
220,125,202,18
288,143,256,32
306,171,280,26
258,130,230,28
203,112,186,17
234,127,213,21
182,106,170,12
299,165,273,26
269,154,250,19
206,109,183,23
327,175,295,32
245,128,219,26
296,167,272,24
301,163,274,27
194,109,180,14
255,147,237,18
204,117,189,15
263,144,239,24
236,129,211,25
220,117,198,22
287,158,261,26
278,149,249,29
346,189,316,30
279,150,252,27
267,145,242,25
295,170,273,22
192,106,176,16
153,82,137,16
194,107,176,18
297,172,276,21
163,91,150,13
236,130,215,21
319,170,286,33
246,135,224,22
342,197,315,27
307,161,276,31
349,188,318,31
155,85,142,13
265,147,245,20
176,99,163,13
254,134,225,29
293,167,271,22
264,142,242,22
347,193,316,31
159,85,144,15
213,117,194,19
246,137,227,19
239,127,216,23
277,148,252,25
266,143,241,25
265,151,246,19
269,155,251,18
224,122,204,20
294,163,270,24
306,164,273,33
301,172,279,22
271,149,247,24
141,77,128,13
196,110,179,17
262,138,236,26
336,185,306,30
289,158,263,26
319,177,292,27
298,170,277,21
323,177,298,25
280,144,249,31
219,124,202,17
333,183,304,29
269,151,248,21
189,106,173,16
276,146,246,30
203,107,182,21
337,183,307,30
308,167,279,29
270,151,247,23
273,147,248,25
178,96,159,19
351,201,326,25
263,137,233,30
254,135,229,25
293,156,262,31
271,139,240,31
277,154,253,24
295,167,272,23
316,159,280,36
339,183,306,33
195,106,178,17
316,172,289,27
302,169,276,26
345,188,313,32
364,199,331,33
182,94,161,21
301,168,277,24
361,191,325,36
222,124,203,19
351,194,320,31
303,169,278,25
316,173,290,26
293,164,273,20
374,204,343,31
351,194,322,29
289,155,259,30
292,166,269,23
264,145,242,22
241,131,221,20
190,103,171,19
313,167,281,32
292,158,266,26
265,146,242,23
296,172,276,20
181,103,167,14
249,127,220,29
310,173,284,26
178,96,162,16
307,165,278,29
124,68,114,10
361,191,322,39
298,162,271,27
240,132,220,20
316,172,286,30
313,167,284,29
290,152,261,29
213,122,196,17
273,145,244,29
286,159,262,24
214,118,194,20
345,183,311,34
329,181,300,29
254,143,234,20
217,127,202,15
159,91,147,12
339,183,308,31
329,182,300,29
262,151,244,18
249,143,232,17
184,105,170,14
272,151,247,25
180,96,161,19
365,200,330,35
187,100,169,18
197,109,179,18
358,198,327,31
220,120,199,21
260,147,241,19
262,141,238,24
211,113,190,21
189,100,169,20
363,190,324,39
361,193,324,37
314,175,289,25
295,153,262,33
313,178,289,24
312,161,277,35
293,166,270,23
297,170,275,22
233,126,212,21
290,162,268,22
207,115,189,18
331,184,304,27
281,151,255,26
255,136,231,24
233,130,214,19
310,163,273,37
278,156,258,20
271,158,253,18
201,110,183,18
172,99,159,13
290,166,268,22
283,165,264,19
253,143,234,19
403,211,360,43
240,136,223,17
247,135,226,21
283,158,260,23
250,142,231,19
337,187,310,27
369,201,336,33
246,125,214,32
285,158,258,27
264,138,238,26
242,137,224,18
267,153,249,18
304,165,276,28
314,180,294,20
340,190,310,30
306,172,281,25
226,131,210,16
259,140,234,25
169,93,155,14
283,162,261,22
248,137,225,23
232,124,212,20
348,193,319,29
283,156,257,26
266,145,242,24
335,178,300,35
270,149,247,23
260,145,238,22
333,178,300,33
295,162,268,27
328,177,296,32
191,99,169,22
201,103,176,25
303,174,281,22
333,176,300,33
304,162,271,33
168,87,150,18
296,152,261,35
257,145,237,20
306,171,283,23
266,143,242,24
277,159,255,22
187,97,168,19
266,151,246,20
252,131,222,30
249,139,228,21
262,145,241,21
233,133,216,17
260,139,236,24
329,179,301,28
287,167,269,18
249,139,231,18
245,135,223,22
271,146,247,24
265,143,239,26
254,143,234,20
286,156,260,26
271,154,250,21
321,183,296,25
281,157,258,23
324,179,297,27
296,167,271,25
278,155,253,25
283,153,256,27
198,102,175,23
267,142,243,24
291,151,260,31
208,119,193,15
248,139,228,20
383,210,348,35
303,163,276,27
238,134,217,21
263,142,240,23
267,148,245,22
298,162,271,27
256,132,224,32
277,145,247,30
334,184,306,28
219,122,201,18
276,153,252,24
277,147,250,27
274,150,250,24
252,142,232,20
283,152,254,29
273,147,248,25
274,154,251,23
297,161,266,31
266,139,237,29
219,120,200,19
252,143,236,16
275,150,250,25
333,174,300,33
295,163,270,25
247,136,226,21
298,152,265,33
141,76,126,15
267,149,247,20
272,154,253,19
317,177,291,26
266,150,245,21
374,198,334,40
256,145,238,18
350,191,319,31
290,157,264,26
293,153,260,33
297,160,270,27
311,179,290,21
267,145,243,24
299,167,273,26
218,120,199,19
254,138,233,21
304,162,275,29
380,208,346,34
268,151,247,21
336,183,307,29
246,137,226,20
199,111,183,16
174,91,157,17
170,92,155,15
227,135,212,15
251,140,229,22
357,202,330,27
245,138,226,19
277,158,257,20
254,146,233,21
245,131,220,25
325,169,289,36
264,144,239,25
258,143,239,19
242,136,222,20
307,162,276,31
203,102,176,27
267,144,241,26
241,142,227,14
305,172,280,25
274,150,250,24
302,166,274,28
340,197,317,23
261,147,241,20
246,133,222,24
334,171,296,38
332,177,296,36
209,116,191,18
324,178,295,29
269,150,246,23
288,158,263,25
222,124,204,18
291,158,264,27
257,137,234,23
277,152,253,24
258,147,238,20
262,145,239,23
325,183,299,26
234,129,213,21
283,157,259,24
314,167,284,30
300,172,278,22
295,170,274,21
244,130,218,26
306,155,269,37
288,164,266,22
262,149,242,20
262,150,245,17
389,215,357,32
176,95,164,12
302,161,268,34
307,173,284,23
291,162,266,25
291,158,264,27
279,158,259,20
246,139,230,16
191,101,170,21
250,141,232,18
265,146,241,24
213,116,194,19
285,144,252,33
278,159,257,21
275,153,251,24
300,170,277,23
277,154,254,23
367,204,336,31
330,178,300,30
335,187,305,30
291,164,269,22
269,150,247,22
320,176,289,31
181,101,165,16
193,108,175,18
255,139,232,23
184,96,165,19
294,163,268,26
312,162,277,35
352,193,322,30
338,182,305,33
322,176,292,30
317,176,290,27
266,143,239,27
364,203,335,29
275,153,251,24
292,158,264,28
283,165,265,18
301,159,272,29
254,147,236,18
344,185,310,34
349,190,316,33
344,185,312,32
275,147,250,25
244,129,219,25
215,113,193,22
292,166,270,22
360,192,323,37
304,173,281,23
312,165,279,33
303,163,273,30
372,198,332,40
222,120,202,20
368,200,335,33
283,153,260,23
267,145,242,25
135,69,120,15
324,179,296,28
294,153,264,30
299,170,275,24
207,108,184,23
212,115,192,20
272,146,246,26
219,114,196,23
310,169,280,30
276,154,254,22
193,105,176,17
184,108,172,12
350,184,317,33
164,88,146,18
318,177,294,24
272,141,244,28
325,187,302,23
325,178,295,30
431,227,385,46
323,182,297,26
253,133,224,29
270,151,249,21
347,187,315,32
291,150,264,27
255,136,233,22
192,96,168,24
289,159,266,23
338,181,304,34
192,109,178,14
209,114,190,19
285,158,261,24
275,143,246,29
382,196,345,37
284,152,256,28
217,118,197,20
262,144,238,24
247,138,226,21
363,198,333,30
222,117,199,23
375,216,349,26
373,210,340,33
147,84,137,10
274,153,252,22
217,117,197,20
312,169,284,28
367,180,325,42
265,151,246,19
221,126,205,16
265,146,243,22
251,137,229,22
271,155,253,18
390,205,349,41
347,192,317,30
253,142,234,19
382,206,347,35
301,164,274,27
299,173,279,20
301,175,280,21
209,123,195,14
280,143,247,33
180,95,160,20
225,127,207,18
359,200,331,28
355,193,324,31
362,204,335,27
369,208,344,25
237,126,214,23
286,163,263,23
135,74,121,14
353,191,321,32
281,152,255,26
212,111,190,22
207,118,192,15
192,105,176,16
285,156,262,23
268,146,243,25
250,133,228,22
410,229,377,33
302,173,280,22
288,159,263,25
261,137,236,25
269,142,244,25
246,128,221,25
335,184,305,30
321,181,297,24
306,169,280,26
287,152,258,29
166,83,146,20
314,168,285,29
357,192,330,27
217,124,201,16
291,157,263,28
352,183,313,39
276,150,253,23
269,135,236,33
279,156,258,21
199,107,180,19
372,204,341,31
313,177,290,23
268,150,244,24
234,128,213,21
346,191,315,31
229,119,203,26
340,194,316,24
188,103,172,16
226,122,205,21
225,122,204,21
243,135,222,21
270,146,245,25
337,189,309,28
383,214,351,32
220,122,199,21
229,132,213,16
212,112,191,21
307,171,282,25
315,179,291,24
236,123,212,24
346,195,320,26
197,104,178,19
284,157,260,24
314,177,290,24
225,124,205,20
279,151,251,28
169,92,153,16
365,195,328,37
272,148,245,27
287,159,265,22
327,178,294,33
366,199,334,32
327,186,304,23
284,162,263,21
373,204,341,32
241,137,221,20
221,117,197,24
266,141,239,27
252,142,231,21
223,127,206,17
217,117,198,19
225,129,207,18
233,125,209,24
220,121,201,19
380,209,345,35
269,144,242,27
246,139,229,17
215,110,189,26
290,164,266,24
216,118,199,17
321,175,293,28
229,131,214,15
307,170,280,27
289,158,261,28
313,165,279,34
215,122,199,16
322,167,287,35
364,197,335,29
295,160,268,27
345,183,310,35
249,136,226,23
255,132,228,27
293,162,269,24
326,167,287,39
289,150,254,35
270,148,245,25
254,138,229,25
404,229,374,30
273,153,249,24
309,166,280,29
241,134,220,21
220,124,201,19
279,152,257,22
265,148,243,22
110,63,101,9
377,214,349,28
361,196,326,35
255,137,232,23
258,140,236,22
298,165,272,26
339,187,311,28
223,124,205,18
275,150,251,24
367,198,333,34
252,132,226,26
380,213,352,28
305,152,268,37
302,170,277,25
274,155,254,20
363,199,331,32
383,206,347,36
293,157,264,29
192,108,177,15
216,115,194,22
179,99,165,14
317,176,292,25
272,143,245,27
321,186,298,23
306,168,280,26
388,218,359,29
147,79,134,13
301,165,274,27
173,95,159,14
305,170,279,26
287,158,262,25
365,196,327,38
374,209,342,32
220,112,194,26
233,129,213,20
219,112,193,26
287,165,267,20
237,129,215,22
262,143,239,23
379,208,345,34
303,167,277,26
309,169,280,29
273,147,247,26
360,192,325,35
306,170,281,25
281,157,257,24
259,137,231,28
246,132,222,24
253,142,233,20
333,175,299,34
394,225,366,28
225,125,206,19
363,193,329,34
280,154,255,25
224,124,205,19
264,153,248,16
270,139,239,31
327,182,302,25
214,118,197,17
377,212,346,31
311,180,291,20
409,219,369,40
176,97,162,14
374,198,338,36
326,181,298,28
219,112,193,26
231,132,212,19
174,100,160,14
322,178,295,27
253,137,230,23
255,146,235,20
307,172,281,26
413,227,377,36
248,132,225,23
340,183,307,33
258,146,237,21
365,193,327,38
253,140,231,22
309,168,282,27
292,155,261,31
218,123,201,17
191,107,178,13
353,191,322,31
197,110,181,16
271,149,246,25
277,151,254,23
306,168,278,28
300,165,275,25
262,146,240,22
366,193,326,40
294,159,267,27
354,192,325,29
199,112,184,15
399,212,358,41
225,125,205,20
323,172,293,30
297,154,265,32
366,203,337,29
307,164,279,28
350,192,320,30
199,107,179,20
255,139,232,23
258,146,238,20
327,178,296,31
400,224,368,32
212,120,198,14
328,177,302,26
279,150,251,28
197,110,183,14
248,135,227,21
287,165,267,20
237,132,216,21
166,93,151,15
352,190,319,33
372,205,340,32
298,163,271,27
352,190,323,29
232,128,211,21
339,186,309,30
290,161,267,23
361,190,322,39
288,158,260,28
366,197,330,36
314,172,287,27
248,129,221,27
321,168,285,36
342,185,309,33
271,140,239,32
137,77,126,11
194,106,177,17
287,153,259,28
389,215,356,33
349,199,323,26
186,99,167,19
353,194,319,34
147,79,131,16
323,178,297,26
232,131,212,20
265,148,244,21
184,104,168,16
220,116,196,24
330,183,301,29
371,201,338,33
249,131,221,28
319,170,288,31
237,127,212,25
326,185,302,24
401,225,367,34
186,102,168,18
312,169,283,29
330,185,303,27
267,150,246,21
372,196,337,35
227,126,209,18
375,195,336,39
324,184,299,25
229,127,209,20
148,76,131,17
196,109,176,20
225,119,202,23
178,98,163,15
360,197,331,29
258,139,233,25
374,201,338,36
248,133,223,25
246,136,224,22
227,127,210,17
285,155,259,26
240,131,218,22
296,160,268,28
204,107,182,22
345,186,313,32
319,173,289,30
349,189,317,32
299,164,273,26
261,137,233,28
270,145,245,25
309,168,279,30
303,166,276,27
268,144,243,25
240,132,219,21
240,133,220,20
263,141,237,26
369,200,335,34
253,140,232,21
307,173,284,23
256,145,236,20
363,198,328,35
200,114,186,14
347,193,318,29
287,151,256,31
364,203,336,28
276,149,249,27
143,75,128,15
240,131,222,18
305,160,272,33
360,200,329,31
247,138,226,21
327,180,297,30
269,152,249,20
265,142,239,26
152,80,136,16
376,213,346,30
360,200,332,28
259,142,236,23
356,193,323,33
351,194,320,31
316,178,294,22
140,74,126,14
351,190,318,33
179,100,164,15
364,196,330,34
233,131,215,18
204,112,186,18
301,166,274,27
270,143,242,28
232,126,210,22
282,160,259,23
345,192,316,29
332,181,302,30
363,199,333,30
283,157,258,25
383,209,347,36
182,100,166,16
244,138,225,19
286,159,261,25
200,111,185,15
226,115,199,27
216,115,195,21
351,198,326,25
335,183,303,32
284,160,262,22
261,143,239,22
312,172,285,27
376,211,346,30
353,190,318,35
270,141,241,29
214,114,193,21
133,71,120,13
338,191,312,26
279,154,256,23
300,165,273,27
239,137,222,17
232,125,210,22
320,166,283,37
275,139,242,33
264,149,244,20
246,138,227,19
280,150,249,31
162,85,145,17
233,130,213,20
335,185,306,29
182,93,161,21
170,93,156,14
236,118,210,26
195,107,178,17
259,146,239,20
294,157,265,29
258,140,234,24
300,163,272,28
374,206,345,29
325,173,294,31
315,179,293,22
256,137,230,26
291,163,269,22
237,131,215,22
311,181,291,20
367,199,335,32
223,120,202,21
277,155,255,22
288,150,257,31
265,145,243,22
392,200,345,47
256,137,232,24
278,156,255,23
347,185,314,33
336,182,305,31
367,201,334,33
313,165,282,31
292,158,263,29
358,195,326,32
393,211,357,36
232,130,213,19
247,133,224,23
207,113,189,18
203,111,185,18
303,167,278,25
307,171,284,23
358,194,329,29
293,161,266,27
358,192,321,37
271,153,250,21
267,142,239,28
278,145,248,30
285,152,259,26
356,191,322,34
375,210,345,30
264,141,240,24
375,209,343,32
288,161,265,23
217,122,197,20
284,159,262,22
345,193,314,31
331,179,299,32
253,141,232,21
266,144,240,26
175,93,156,19
256,143,233,23
372,203,337,35
202,113,187,15
157,87,144,13
183,96,163,20
333,179,299,34
271,154,252,19
253,135,226,27
294,158,267,27
258,139,233,25
387,209,351,36
267,146,245,22
226,127,207,19
272,152,249,23
373,207,342,31
256,137,231,25
311,177,287,24
381,209,351,30
364,195,331,33
216,110,190,26
253,134,228,25
201,102,175,26
150,80,135,15
394,219,361,33
232,130,212,20
320,175,291,29
350,194,321,29
164,92,149,15
231,120,207,24
202,101,177,25
291,153,260,31
301,164,274,27
319,181,295,24
319,184,296,23
129,70,118,11
365,206,337,28
278,152,255,23
172,90,154,18
256,145,235,21
321,171,288,33
287,156,260,27
313,168,283,30
250,142,232,18
345,184,310,35
270,142,244,26
360,196,328,32
215,118,198,17
248,140,228,20
418,240,388,30
285,158,263,22
355,189,321,34
285,159,262,23
240,123,213,27
344,185,311,33
236,131,217,19
227,132,211,16
370,199,337,33
222,121,202,20
376,205,343,33
346,194,318,28
281,150,253,28
295,159,265,30
238,131,217,21
381,213,351,30
274,149,248,26
284,155,257,27
270,146,243,27
318,174,290,28
341,183,308,33
209,108,186,23
330,187,306,24
374,198,336,38
319,176,291,28
317,167,285,32
286,159,263,23
391,206,353,38
365,195,328,37
234,126,215,19
250,136,226,24
272,155,252,20
382,214,350,32
401,216,365,36
269,145,244,25
268,151,247,21
251,145,234,17
123,68,113,10
201,115,185,16
230,130,212,18
258,147,238,20
278,150,251,27
206,109,187,19
205,114,187,18
224,122,201,23
358,200,329,29
298,157,266,32
244,138,225,19
273,154,252,21
204,110,183,21
280,148,252,28
347,181,311,36
287,155,262,25
173,95,159,14
361,192,323,38
299,165,274,25
304,171,280,24
386,217,354,32
211,111,190,21
167,92,152,15
260,144,237,23
257,144,235,22
391,211,354,37
286,155,259,27
360,201,331,29
307,163,274,33
379,206,345,34
191,102,172,19
279,152,254,25
283,157,260,23
259,138,231,28
283,156,258,25
291,148,255,36
294,158,264,30
251,146,233,18
320,165,283,37
293,160,266,27
276,150,248,28
251,142,232,19
324,186,299,25
283,163,262,21
283,155,258,25
265,152,245,20
149,87,139,10
273,144,244,29
289,157,265,24
274,146,246,28
280,149,250,30
285,148,258,27
283,152,255,28
261,148,240,21
270,151,247,23
258,139,232,26
243,140,226,17
288,161,264,24
271,145,244,27
290,165,269,21
255,129,226,29
304,167,278,26
280,162,259,21
255,146,237,18
165,95,153,12
309,161,275,34
272,151,249,23
336,172,300,36
284,144,251,33
279,160,259,20
262,140,235,27
300,164,272,28
280,147,250,30
277,153,256,21
295,166,270,25
259,132,231,28
257,134,228,29
285,162,263,22
286,161,263,23
259,142,235,24
225,123,204,21
272,154,253,19
279,157,256,23
270,149,246,24
278,149,250,28
232,123,211,21
250,139,232,18
220,125,201,19
289,159,261,28
270,149,247,23
291,166,267,24
309,161,275,34
291,155,259,32
237,127,213,24
307,165,278,29
283,158,262,21
311,173,286,25
273,159,255,18
267,144,241,26
283,151,253,30
283,155,256,27
268,146,243,25
266,146,242,24
231,129,213,18
308,158,275,33
316,178,290,26
308,164,277,31
267,148,242,25
175,97,161,14
291,164,267,24
278,147,250,28
230,131,213,17
230,128,212,18
259,144,239,20
417,225,376,41
290,167,269,21
245,131,218,27
267,151,245,22
264,144,239,25
293,159,265,28
294,165,274,20
292,154,260,32
281,154,259,22
232,130,212,20
299,166,271,28
306,167,279,27
263,143,237,26
283,156,257,26
294,166,271,23
289,162,266,23
295,161,267,28
231,125,208,23
202,108,183,19
275,152,250,25
285,160,262,23
276,154,255,21
298,178,280,18
268,154,249,19
267,147,244,23
264,151,245,19
228,129,210,18
275,148,247,28
267,153,248,19
263,143,239,24
274,146,245,29
276,153,252,24
289,154,260,29
337,185,306,31
283,151,252,31
300,157,266,34
203,109,182,21
272,148,247,25
255,135,227,28
280,150,252,28
278,153,254,24
268,150,245,23
275,156,253,22
292,168,270,22
264,148,242,22
269,152,248,21
281,152,252,29
252,144,233,19
300,171,278,22
287,153,258,29
292,160,265,27
282,154,257,25
269,153,249,20
386,212,352,34
253,141,231,22
293,171,273,20
227,117,203,24
291,157,262,29
261,146,239,22
277,144,245,32
277,153,254,23
234,120,207,27
246,132,221,25
277,155,254,23
287,149,254,33
277,150,250,27
262,143,240,22
302,169,278,24
260,142,238,22
268,145,243,25
279,142,247,32
295,165,270,25
295,153,262,33
301,166,273,28
253,142,232,21
275,151,251,24
289,165,268,21
286,158,259,27
275,158,254,21
307,167,282,25
257,131,228,29
391,208,353,38
258,140,234,24
290,158,263,27
260,144,239,21
261,143,238,23
270,150,249,21
262,149,243,19
244,136,224,20
246,139,226,20
280,146,254,26
278,161,257,21
284,148,252,32
278,159,257,21
248,136,228,20
286,151,256,30
282,164,263,19
288,159,263,25
296,166,271,25
270,146,243,27
255,141,234,21
263,143,237,26
255,141,232,23
282,157,259,23
281,145,249,32
293,157,264,29
271,142,242,29
223,122,203,20
269,146,243,26
297,166,272,25
289,159,266,23
307,164,276,31
285,149,252,33
267,151,245,22
276,151,253,23
289,157,260,29
273,148,247,26
281,152,255,26
295,164,270,25
274,154,252,22
258,141,235,23
279,153,253,26
280,162,261,19
301,162,272,29
226,123,206,20
260,145,238,22
248,132,226,22
289,159,263,26
234,130,215,19
301,171,277,24
298,159,266,32
272,150,247,25
231,133,214,17
262,145,238,24
289,155,262,27
386,214,357,29
288,164,265,23
257,144,237,20
266,140,237,29
250,133,225,25
278,149,255,23
291,162,267,24
291,157,265,26
241,137,223,18
271,155,251,20
308,169,282,26
269,137,236,33
295,169,274,21
286,159,264,22
236,128,213,23
301,155,267,34
299,168,276,23
273,158,253,20
277,143,247,30
266,149,243,23
293,155,262,31
280,154,257,23
274,148,252,22
274,147,246,28
260,141,234,26
277,160,258,19
282,153,256,26
271,151,249,22
286,154,258,28
268,150,245,23
294,162,267,27
275,163,258,17
263,131,231,32
270,146,245,25
279,157,257,22
286,155,260,26
300,161,270,30
263,150,243,20
278,152,255,23
268,157,250,18
253,134,228,25
294,166,271,23
271,143,240,31
249,137,228,21
275,146,247,28
262,149,242,20
265,147,241,24
278,156,256,22
261,147,240,21
165,96,154,11
297,162,271,26
275,144,244,31
338,182,304,34
280,158,256,24
255,138,231,24
252,143,233,19
274,148,247,27
274,149,249,25
248,138,227,21
293,158,265,28
308,163,276,32
286,151,256,30
259,132,231,28
300,161,270,30
256,141,232,24
237,132,218,19
274,148,247,27
286,162,264,22
267,146,241,26
317,172,287,30
277,146,247,30
244,133,220,24
247,131,222,25
284,156,258,26
302,166,276,26
297,162,267,30
242,135,221,21
277,155,254,23
272,145,245,27
284,152,256,28
257,144,237,20
255,148,238,17
278,153,253,25
281,159,259,22
358,194,325,33
235,128,212,23
327,177,297,30
292,166,269,23
264,140,237,27
256,139,230,26
282,163,263,19
244,135,222,22
253,132,225,28
269,147,246,23
264,139,237,27
241,132,218,23
260,137,231,29
281,161,260,21
243,136,223,20
302,164,275,27
236,133,215,21
252,141,229,23
285,152,255,30
325,181,297,28
217,123,201,16
230,126,209,21
253,141,231,22
261,149,242,19
307,169,280,27
302,172,277,25
252,133,225,27
297,168,277,20
294,157,264,30
280,156,255,25
288,168,269,19
274,159,255,19
277,153,254,23
278,153,253,25
251,141,230,21
266,150,246,20
257,144,235,22
272,148,247,25
290,167,269,21
288,156,263,25
263,148,241,22
276,152,251,25
210,117,194,16
294,163,268,26
295,160,268,27
263,145,238,25
263,143,237,26
276,155,253,23
268,149,244,24
288,155,258,30
235,134,218,17
254,140,230,24
243,140,225,18
299,162,271,28
293,160,264,29
225,120,203,22
297,155,266,31
279,152,255,24
208,117,193,15
245,133,221,24
271,147,243,28
295,163,269,26
257,136,229,28
313,165,282,31
273,153,252,21
291,165,269,22
281,162,261,20
277,147,251,26
274,156,253,21
292,159,265,27
286,160,262,24
324,177,292,32
282,153,255,27
299,154,267,32
312,177,286,26
266,150,247,19
282,159,261,21
354,193,323,31
268,148,245,23
285,158,259,26
293,163,268,25
287,158,260,27
268,151,245,23
271,157,250,21
293,162,269,24
314,169,282,32
258,135,230,28
263,142,239,24
258,151,241,17
281,161,260,21
268,146,243,25
260,144,238,22
270,142,240,30
266,149,243,23
279,147,251,28
307,162,279,28
276,145,249,27
262,140,235,27
284,152,256,28
274,152,250,24
282,151,253,29
276,146,245,31
267,138,235,32
276,150,252,24
270,149,248,22
270,151,249,21
304,170,281,23
271,149,247,24
264,150,243,21
310,174,285,25
365,199,333,32
266,144,240,26
218,123,199,19
292,168,271,21
266,145,241,25
313,167,284,29
264,138,234,30
288,158,261,27
289,152,259,30
296,165,271,25
291,156,263,28
263,150,244,19
248,140,227,21
270,152,251,19
265,143,239,26
262,152,244,18
282,155,256,26
275,147,246,29
329,179,298,31
259,152,241,18
280,160,259,21
244,141,227,17
299,163,272,27
278,158,256,22
268,144,241,27
297,166,272,25
285,149,254,31
261,147,241,20
219,124,204,15
284,154,259,25
271,152,247,24
261,149,241,20
281,156,258,23
274,153,250,24
251,139,230,21
301,179,283,18
276,157,256,20
275,153,251,24
301,160,269,32
285,159,259,26
282,148,251,31
213,114,191,22
280,153,253,27
283,152,255,28
279,152,252,27
284,155,256,28
274,158,254,20
292,154,263,29
239,136,222,17
289,168,270,19
253,141,232,21
299,158,268,31
300,167,277,23
280,151,251,29
258,148,239,19
239,137,221,18
245,139,226,19
268,145,240,28
286,163,264,22
247,140,227,20
277,155,254,23
263,134,231,32
293,156,260,33
262,147,242,20
232,132,216,16
290,162,266,24
280,156,256,24
296,165,270,26
287,157,261,26
302,164,274,28
303,167,275,28
286,157,259,27
271,147,244,27
271,147,246,25
276,150,250,26
289,161,262,27
301,166,275,26
271,144,240,31
346,189,312,34
306,165,275,31
276,155,253,23
288,167,269,19
294,163,269,25
269,146,244,25
241,131,217,24
254,145,235,19
272,152,251,21
388,219,357,31
251,142,232,19
284,149,254,30
287,159,264,23
266,146,240,26
250,139,229,21
295,169,274,21
391,205,347,44
268,147,242,26
270,154,250,20
272,158,253,19
272,149,246,26
244,139,224,20
221,122,203,18
281,158,259,22
285,152,254,31
296,162,269,27
302,171,279,23
297,166,273,24
287,160,265,22
290,159,264,26
257,143,236,21
276,148,248,28
293,153,259,34
361,194,326,35
312,171,288,24
287,149,252,35
273,155,253,20
267,150,245,22
286,152,257,29
269,141,239,30
283,155,256,27
252,141,232,20
289,168,270,19
258,145,237,21
278,154,255,23
299,160,268,31
306,173,280,26
277,152,252,25
250,136,225,25
292,157,266,26
256,146,236,20
267,148,243,24
262,137,232,30
285,150,257,28
292,156,263,29
260,143,237,23
279,139,243,36
252,138,230,22
287,163,264,23
280,155,257,23
278,160,260,18
273,156,255,18
266,155,247,19
281,156,256,25
295,155,263,32
293,168,273,20
226,125,205,21
262,151,244,18
275,153,253,22
299,154,270,29
277,159,257,20
292,162,267,25
270,144,240,30
284,152,255,29
253,141,233,20
255,139,234,21
239,134,218,21
271,146,243,28
264,151,242,22
240,132,220,20
274,145,246,28
279,148,252,27
281,159,260,21
277,150,251,26
256,138,229,27
264,147,241,23
263,140,235,28
316,172,287,29
262,150,243,19
281,148,249,32
277,151,251,26
368,207,338,30
276,156,253,23
272,149,246,26
266,144,238,28
284,151,256,28
287,160,265,22
300,162,270,30
272,156,250,22
269,150,246,23
292,165,270,22
255,140,231,24
267,145,241,26
226,121,203,23
286,161,264,22
251,135,226,25
265,142,238,27
295,158,266,29
300,169,274,26
263,151,244,19
290,143,251,39
252,146,234,18
273,148,248,25
251,142,233,18
223,129,207,16
260,146,239,21
301,164,275,26
281,155,256,25
278,145,245,33
270,147,246,24
269,146,243,26
268,145,242,26
279,159,258,21
295,164,269,26
285,148,254,31
400,220,365,35
297,168,273,24
308,168,279,29
245,129,220,25
301,168,275,26
263,151,244,19
287,157,261,26
277,155,253,24
274,152,252,22
273,151,252,21
300,151,264,36
252,143,232,20
312,178,288,24
268,151,246,22
292,159,264,28
274,156,255,19
283,153,257,26
262,148,241,21
279,150,252,27
248,133,224,24
238,129,216,22
288,161,268,20
246,137,227,19
292,163,270,22
261,151,242,19
259,144,237,22
283,162,263,20
265,146,242,23
312,182,294,18
248,133,222,26
312,166,283,29
253,145,233,20
290,161,264,26
266,149,243,23
247,131,223,24
259,141,234,25
255,140,233,22
250,136,227,23
282,151,254,28
146,84,134,12
288,154,259,29
249,137,229,20
286,159,263,23
287,152,257,30
296,163,270,26
312,174,286,26
310,163,280,30
286,145,250,36
263,145,239,24
276,153,253,23
278,166,262,16
265,150,245,20
281,152,254,27
290,154,261,29
307,168,278,29
275,151,249,26
295,151,259,36
285,156,259,26
296,154,263,33
304,172,280,24
269,148,245,24
275,155,254,21
248,136,228,20
290,154,262,28
174,98,160,14
282,157,260,22
283,161,262,21
256,143,235,21
276,161,256,20
286,151,259,27
293,157,264,29
290,162,267,23
303,166,280,23
237,132,217,20
239,133,217,22
278,160,261,17
319,167,282,37
274,156,253,21
278,146,247,31
292,163,268,24
297,158,266,31
263,153,245,18
268,146,242,26
272,150,250,22
289,155,261,28
341,181,306,35
242,136,221,21
277,158,257,20
310,169,280,30
253,141,232,21
246,135,223,23
272,152,251,21
283,147,250,33
248,145,231,17
357,200,329,28
289,156,261,28
290,159,264,26
264,146,241,23
216,124,201,15
270,150,246,24
276,153,251,25
276,147,247,29
296,171,275,21
264,147,240,24
278,157,256,22
266,145,241,25
267,143,240,27
265,142,237,28
285,164,264,21
272,153,250,22
322,175,292,30
270,141,239,31
275,154,251,24
161,93,149,12
236,131,214,22
283,157,260,23
255,134,226,29
255,136,229,26
263,142,237,26
248,137,227,21
233,132,215,18
277,156,255,22
272,155,251,21
293,157,262,31
284,161,261,23
279,151,252,27
285,160,261,24
303,166,274,29
299,160,268,31
188,109,175,13
263,146,240,23
311,178,289,22
301,163,273,28
246,139,228,18
261,151,243,18
275,148,248,27
318,177,290,28
194,110,179,15
264,146,241,23
253,141,232,21
309,172,284,25
279,157,258,21
291,155,262,29
253,146,233,20
304,173,281,23
312,182,291,21
277,157,256,21
270,148,244,26
296,155,265,31
233,128,213,20
263,150,243,20
232,128,211,21
267,145,241,26
266,145,241,25
260,149,241,19
278,156,255,23
315,170,286,29
298,163,272,26
282,153,255,27
276,158,256,20
265,154,246,19
264,148,240,24
287,159,262,25
286,169,269,17
279,160,258,21
279,150,252,27
283,156,258,25
249,143,230,19
257,144,236,21
290,157,263,27
286,153,258,28
171,89,154,17
257,145,236,21
262,143,236,26
259,130,230,29
263,152,245,18
257,141,235,22
273,149,247,26
331,186,305,26
245,139,226,19
274,151,250,24
293,159,268,25
265,146,242,23
264,146,242,22
255,134,226,29
275,146,244,31
252,139,229,23
305,160,273,32
320,172,288,32
301,166,277,24
292,149,258,34
264,147,242,22
305,174,284,21
247,145,229,18
274,152,251,23
293,164,269,24
257,143,234,23
262,147,242,20
293,159,265,28
282,154,256,26
260,139,233,27
244,132,221,23
296,153,263,33
292,160,268,24
247,129,219,28
289,161,266,23
296,161,272,24
239,141,223,16
246,139,227,19
276,150,252,24
284,163,263,21
289,161,265,24
282,160,261,21
276,159,257,19
275,149,249,26
282,141,246,36
295,155,264,31
278,151,251,27
253,138,230,23
286,167,267,19
295,156,264,31
293,166,270,23
352,193,320,32
297,174,278,19
289,159,263,26
298,172,277,21
260,140,234,26
281,159,260,21
297,174,278,19
260,146,240,20
278,151,251,27
270,156,252,18
280,156,258,22
253,144,233,20
235,128,213,22
261,145,238,23
255,145,237,18
276,154,255,21
269,146,245,24
287,153,258,29
263,145,239,24
267,144,242,25
258,144,236,22
267,148,244,23
250,134,224,26
263,141,236,27
277,155,256,21
292,158,266,26
281,163,262,19
266,146,243,23
278,157,256,22
254,135,228,26
290,149,255,35
266,154,248,18
257,140,232,25
261,149,241,20
243,132,218,25
290,152,259,31
296,158,266,30
251,137,231,20
261,150,241,20
276,148,249,27
263,145,239,24
306,160,272,34
324,168,293,31
270,159,252,18
244,133,220,24
293,158,264,29
265,149,244,21
304,160,271,33
289,164,266,23
283,157,260,23
305,175,283,22
235,133,216,19
286,160,262,24
297,162,270,27
263,149,243,20
293,150,260,33
273,154,251,22
287,161,264,23
276,146,246,30
275,148,248,27
282,151,253,29
299,162,270,29
264,152,245,19
280,148,252,28
266,146,243,23
262,144,239,23
300,165,274,26
302,154,266,36
284,161,262,22
273,152,250,23
254,149,238,16
326,177,296,30
293,161,266,27
293,166,270,23
317,187,298,19
252,139,229,23
285,160,262,23
192,110,180,12
255,142,232,23
260,154,244,16
278,151,253,25
252,146,235,17
319,175,290,29
268,149,247,21
274,152,250,24
279,151,253,26
269,141,238,31
273,156,254,19
257,144,235,22
289,163,268,21
297,161,267,30
274,148,247,27
372,200,338,34
295,163,269,26
275,158,256,19
262,146,241,21
280,152,255,25
295,164,270,25
277,157,254,23
279,156,257,22
266,152,247,19
281,157,257,24
297,167,273,24
377,202,341,36
287,153,260,27
279,159,258,21
279,150,250,29
286,155,260,26
247,134,226,21
300,162,269,31
305,170,282,23
284,159,260,24
275,153,251,24
280,151,252,28
273,143,242,31
282,152,253,29
301,168,277,24
305,163,273,32
286,151,256,30
265,154,247,18
292,160,266,26
273,150,248,25
292,160,264,28
251,138,234,17
273,151,249,24
247,135,227,20
250,134,226,24
296,164,269,27
311,162,275,36
278,150,250,28
289,158,262,27
272,158,254,18
202,106,181,21
259,145,238,21
236,129,214,22
286,158,261,25
277,160,258,19
246,133,222,24
275,153,251,24
296,162,269,27
293,168,272,21
286,154,258,28
295,160,267,28
294,170,274,20
265,142,241,24
281,153,255,26
277,146,247,30
276,151,251,25
295,169,273,22
269,157,253,16
297,157,265,32
360,198,331,29
264,152,245,19
295,163,268,27
271,136,237,34
261,149,240,21
247,134,223,24
257,144,237,20
295,165,272,23
264,146,240,24
300,176,281,19
278,152,252,26
270,151,246,24
274,143,244,30
287,160,263,24
259,141,234,25
277,136,242,35
248,129,221,27
279,155,256,23
240,132,218,22
259,145,238,21
266,142,240,26
294,163,268,26
275,152,250,25
245,136,224,21
258,149,241,17
281,150,250,31
276,151,251,25
257,139,231,26
284,147,253,31
298,167,278,20
308,164,278,30
261,144,238,23
272,147,244,28
278,151,251,27
282,159,260,22
287,162,264,23
252,136,226,26
292,152,258,34
264,137,235,29
242,137,222,20
241,132,216,25
251,144,233,18
300,157,268,32
271,158,252,19
288,156,259,29
265,137,235,30
274,152,249,25
224,127,204,20
298,165,271,27
270,151,249,21
270,141,244,26
289,158,263,26
279,156,256,23
273,149,247,26
256,147,236,20
294,156,263,31
274,154,249,25
284,153,256,28
316,167,285,31
294,162,271,23
397,206,354,43
262,152,243,19
278,158,257,21
283,159,260,23
274,155,253,21
269,149,245,24
288,153,257,31
270,151,246,24
242,134,225,17
294,169,272,22
304,165,274,30
259,147,238,21
253,140,233,20
283,153,257,26
285,158,263,22
276,152,251,25
264,145,240,24
246,136,225,21
283,151,253,30
249,140,229,20
292,162,265,27
262,154,246,16
296,158,265,31
399,221,362,37
293,155,261,32
294,157,265,29
276,149,248,28
298,166,272,26
286,154,258,28
288,149,255,33
270,154,249,21
261,147,239,22
264,147,242,22
272,148,245,27
257,151,240,17
282,157,260,22
266,146,243,23
268,149,246,22
287,161,263,24
269,137,237,32
253,144,234,19
277,148,249,28
289,164,267,22
259,144,237,22
277,153,253,24
260,142,234,26
288,158,263,25
302,159,275,27
263,145,239,24
268,147,242,26
309,158,273,36
277,159,257,20
281,158,259,22
272,147,244,28
267,142,241,26
315,171,282,33
285,156,258,27
246,143,230,16
367,197,332,35
287,154,263,24
304,159,272,32
308,165,277,31
261,147,241,20
232,123,211,21
275,156,254,21
277,155,253,24
310,176,286,24
276,160,258,18
294,168,273,21
328,170,294,34
306,154,268,38
282,156,259,23
278,154,255,23
281,160,259,22
301,167,276,25
270,148,244,26
227,128,210,17
289,166,270,19
277,148,249,28
262,150,243,19
303,169,276,27
264,148,247,17
299,162,273,26
263,145,239,24
248,139,229,19
265,149,243,22
300,159,271,29
274,148,248,26
277,153,254,23
254,145,235,19
276,149,249,27
261,144,239,22
270,146,246,24
289,158,264,25
189,106,173,16
268,148,243,25
308,165,278,30
318,172,292,26
263,148,243,20
277,147,248,29
273,159,254,19
325,182,300,25
281,157,259,22
241,136,222,19
296,151,259,37
252,131,224,28
266,153,248,18
207,119,192,15
271,151,246,25
273,151,249,24
275,149,251,24
260,152,241,19
305,166,277,28
350,188,316,34
324,173,291,33
263,145,243,20
284,152,255,29
307,174,284,23
295,167,274,21
259,142,236,23
247,139,227,20
247,129,219,28
255,132,227,28
290,158,262,28
283,157,259,24
300,163,272,28
273,161,257,16
324,177,296,28
226,129,207,19
287,158,261,26
297,163,271,26
236,136,219,17
270,147,243,27
228,127,209,19
276,150,249,27
271,153,250,21
238,132,219,19
291,159,266,25
299,175,281,18
269,154,248,21
297,164,271,26
311,175,286,25
291,160,266,25
375,200,344,31
275,148,248,27
188,102,169,19
273,154,253,20
305,162,273,32
247,135,225,22
268,150,246,22
299,167,275,24
214,119,196,18
282,160,260,22
290,158,263,27
306,162,272,34
308,165,276,32
278,158,257,21
297,159,266,31
323,174,290,33
275,156,254,21
268,138,239,29
374,201,339,35
262,144,237,25
233,132,214,19
286,166,266,20
321,187,298,23
270,153,249,21
320,176,290,30
267,148,245,22
271,148,245,26
272,151,250,22
184,107,171,13
270,150,246,24
254,138,227,27
264,140,236,28
268,149,247,21
254,144,234,20
277,154,255,22
327,177,299,28
287,151,258,29
324,184,298,26
286,157,262,24
256,141,232,24
303,167,275,28
281,160,260,21
247,138,228,19
238,129,216,22
232,131,212,20
290,160,266,24
274,146,245,29
271,154,250,21
263,146,240,23
284,145,248,36
273,146,244,29
289,160,263,26
317,173,290,27
272,146,246,26
295,161,270,25
267,141,244,23
288,157,261,27
141,76,128,13
272,153,252,20
224,123,206,18
267,142,237,30
189,108,175,14
256,134,226,30
326,182,300,26
293,160,265,28
292,165,267,25
293,166,270,23
265,139,235,30
290,161,265,25
296,168,277,19
338,180,304,34
262,146,240,22
255,146,236,19
291,160,265,26
285,151,255,30
271,146,242,29
239,128,215,24
271,154,250,21
262,144,237,25
302,164,273,29
254,144,235,19
284,148,251,33
323,172,294,29
271,144,244,27
270,147,244,26
258,144,238,20
261,139,238,23
378,200,342,36
298,162,269,29
343,187,312,31
295,159,266,29
250,138,232,18
238,132,217,21
280,154,256,24
297,163,268,29
260,153,243,17
239,123,213,26
303,157,273,30
286,157,261,25
284,149,254,30
276,149,250,26
154,78,137,17
288,161,266,22
301,167,276,25
311,173,284,27
256,137,232,24
290,160,264,26
277,159,258,19
291,152,259,32
253,145,236,17
284,154,259,25
277,160,259,18
283,154,257,26
279,157,262,17
271,151,248,23
262,145,240,22
270,148,246,24
272,152,248,24
293,163,270,23
289,157,261,28
250,136,230,20
318,169,286,32
259,136,233,26
271,147,247,24
248,136,225,23
277,149,249,28
283,155,255,28
320,172,289,31
256,143,233,23
272,152,249,23
283,157,261,22
225,122,206,19
289,155,260,29
262,137,233,29
284,161,263,21
278,150,250,28
290,157,262,28
367,195,328,39
269,156,250,19
264,151,244,20
290,155,260,30
290,160,263,27
279,157,256,23
297,163,267,30
287,155,261,26
273,147,246,27
364,207,336,28
288,158,262,26
280,156,257,23
218,122,199,19
273,150,248,25
268,135,236,32
281,154,255,26
223,120,202,21
262,148,241,21
301,165,274,27
271,150,246,25
269,148,245,24
291,157,265,26
246,140,226,20
286,161,263,23
271,152,249,22
283,158,260,23
263,144,239,24
312,171,283,29
281,162,262,19
241,135,222,19
278,159,257,21
262,147,239,23
348,200,322,26
293,158,264,29
264,152,245,19
257,146,237,20
278,154,253,25
288,160,264,24
264,141,236,28
276,154,255,21
282,142,248,34
298,171,277,21
302,168,275,27
260,144,238,22
274,146,246,28
274,152,250,24
280,156,255,25
299,175,281,18
244,131,220,24
263,145,239,24
251,146,233,18
267,150,245,22
301,168,276,25
292,165,270,22
287,154,260,27
319,179,293,26
274,153,253,21
270,149,245,25
291,167,269,22
290,153,261,29
266,145,240,26
287,146,253,34
265,154,247,18
238,130,216,22
275,157,255,20
266,153,247,19
273,141,240,33
357,195,326,31
286,158,261,25
278,143,245,33
270,149,247,23
274,148,249,25
294,173,276,18
281,159,259,22
284,153,256,28
271,143,245,26
282,160,263,19
272,147,248,24
296,161,268,28
307,165,274,33
247,129,221,26
287,153,259,28
164,93,151,13
264,138,233,31
276,148,248,28
218,120,202,16
251,128,223,28
323,172,290,33
261,142,238,23
259,145,239,20
274,150,249,25
269,144,242,27
297,158,268,29
308,165,280,28
313,176,293,20
328,174,293,35
284,154,257,27
273,154,250,23
242,132,220,22
247,139,229,18
253,135,225,28
285,157,262,23
269,154,249,20
281,156,257,24
263,147,240,23
269,147,245,24
293,151,258,35
258,148,239,19
267,153,247,20
279,157,258,21
280,149,253,27
288,156,260,28
246,137,224,22
254,144,236,18
278,149,251,27
279,157,254,25
343,195,316,27
297,153,263,34
300,168,276,24
298,152,260,38
360,199,330,30
250,138,227,23
290,162,267,23
290,157,262,28
277,153,252,25
281,151,252,29
270,151,249,21
265,132,233,32
281,161,261,20
270,151,247,23
280,158,258,22
289,156,263,26
259,148,238,21
258,136,232,26
260,144,235,25
292,167,270,22
286,154,258,28
281,152,254,27
230,131,212,18
285,164,267,18
274,158,253,21
268,153,249,19
302,175,280,22
288,155,260,28
271,146,246,25
359,197,331,28
274,158,256,18
286,163,265,21
282,151,253,29
259,145,238,21
260,145,238,22
252,146,235,17
267,150,244,23
270,147,246,24
272,146,246,26
267,147,244,23
281,152,255,26
297,158,266,31
255,137,228,27
305,151,264,41
273,147,246,27
274,155,253,21
292,157,262,30
254,134,228,26
271,152,247,24
271,152,251,20
270,153,247,23
170,98,158,12
267,141,239,28
288,156,263,25
284,145,250,34
276,157,254,22
279,152,253,26
296,163,270,26
301,164,271,30
298,155,265,33
307,158,270,37
285,163,264,21
321,168,287,34
262,151,245,17
260,142,238,22
303,171,283,20
279,156,256,23
301,167,277,24
277,151,251,26
272,150,248,24
277,164,260,17
276,149,249,27
298,155,267,31
301,160,269,32
266,149,246,20
266,141,237,29
283,155,255,28
284,153,258,26
247,136,227,20
274,155,253,21
280,152,255,25
192,99,172,20
266,150,244,22
277,157,258,19
285,164,264,21
311,177,287,24
270,138,240,30
278,155,255,23
269,155,251,18
263,142,237,26
185,102,171,14
258,137,230,28
294,164,271,23
282,156,258,24
280,157,255,25
283,155,256,27
307,173,282,25
305,169,279,26
273,154,252,21
260,148,241,19
292,164,268,24
300,168,275,25
300,167,274,26
271,140,238,33
352,192,321,31
259,136,229,30
309,158,274,35
319,170,288,31
269,151,247,22
275,152,251,24
333,175,300,33
293,161,266,27
255,137,232,23
248,143,230,18
252,140,230,22
281,155,255,26
260,152,242,18
272,158,254,18
278,148,248,30
292,158,264,28
279,149,250,29
261,146,239,22
289,147,253,36
256,141,234,22
257,138,230,27
245,140,225,20
290,166,269,21
256,138,231,25
279,150,252,27
332,182,302,30
281,162,262,19
280,150,253,27
283,147,251,32
301,156,267,34
269,145,243,26
316,186,295,21
306,165,275,31
247,139,227,20
297,163,270,27
316,169,282,34
268,151,247,21
260,145,239,21
266,147,241,25
287,167,268,19
255,142,233,22
271,151,250,21
271,151,250,21
271,153,250,21
307,160,274,33
298,144,256,42
293,158,263,30
297,163,272,25
292,155,262,30
265,150,244,21
279,157,257,22
289,157,262,27
277,159,256,21
319,177,291,28
307,165,275,32
280,150,253,27
275,149,249,26
272,149,249,23
296,164,270,26
288,147,255,33
303,157,270,33
257,139,234,23
282,148,250,32
274,141,242,32
276,148,247,29
271,152,249,22
261,145,238,23
304,158,275,29
269,138,237,32
277,158,256,21
296,163,268,28
269,152,248,21
276,145,245,31
258,139,236,22
277,153,251,26
282,166,263,19
292,159,267,25
266,144,241,25
270,143,241,29
280,147,250,30
262,149,242,20
263,137,233,30
238,132,217,21
274,153,252,22
279,152,253,26
285,156,261,24
278,151,250,28
366,199,333,33
264,145,240,24
309,169,282,27
257,150,239,18
268,150,247,21
231,129,211,20
272,148,245,27
271,150,247,24
268,151,246,22
288,151,255,33
331,179,300,31
300,163,272,28
308,168,279,29
285,155,257,28
302,160,270,32
295,158,265,30
255,141,231,24
259,137,232,27
290,168,270,20
272,150,248,24
290,156,262,28
277,155,256,21
266,142,239,27
260,143,236,24
361,186,319,42
252,130,221,31
247,139,229,18
282,149,254,28
275,149,246,29
314,178,290,24
244,139,227,17
262,139,235,27
314,174,286,28
265,147,242,23
300,158,268,32
293,158,266,27
315,166,284,31
285,159,259,26
311,172,285,26
273,151,249,24
259,140,236,23
278,151,250,28
302,169,278,24
303,167,275,28
302,162,275,27
303,169,277,26
269,145,240,29
299,167,277,22
260,144,238,22
254,132,225,29
267,156,250,17
276,153,251,25
304,173,281,23
290,166,270,20
273,152,252,21
270,152,248,22
288,160,263,25
239,134,219,20
263,144,240,23
274,150,250,24
241,135,221,20
303,155,268,35
273,153,250,23
298,152,264,34
278,149,254,24
298,160,270,28
250,140,230,20
275,150,251,24
260,140,236,24
329,171,290,39
286,152,256,30
286,151,257,29
291,151,257,34
270,158,252,18
278,150,251,27
268,155,250,18
283,161,261,22
253,143,234,19
279,157,262,17
297,166,272,25
264,144,241,23
259,145,239,20
282,149,254,28
274,153,252,22
282,160,260,22
295,154,267,28
242,130,219,23
268,147,245,23
291,163,267,24
278,165,261,17
267,144,242,25
288,163,266,22
281,156,258,23
296,168,277,19
303,160,271,32
275,154,252,23
282,166,264,18
265,139,234,31
300,173,279,21
268,142,241,27
282,157,257,25
316,175,289,27
273,148,248,25
260,151,241,19
278,155,254,24
269,142,241,28
275,137,242,33
299,165,274,25
278,157,256,22
269,157,250,19
272,148,247,25
345,191,314,31
297,164,274,23
267,151,244,23
266,142,242,24
266,149,244,22
274,158,256,18
269,150,248,21
268,149,246,22
299,168,275,24
278,157,256,22
275,157,256,19
296,163,271,25
266,141,239,27
281,150,251,30
235,128,214,21
254,137,228,26
274,149,246,28
286,163,262,24
247,141,228,19
280,147,251,29
266,148,244,22
283,156,257,26
270,141,243,27
280,149,252,28
255,146,236,19
297,159,267,30
236,127,213,23
252,141,230,22
297,166,274,23
319,175,291,28
272,149,250,22
294,168,272,22
261,143,240,21
285,150,255,30
282,158,261,21
294,169,272,22
256,134,232,24
291,158,264,27
285,162,264,21
303,158,269,34
293,157,264,29
292,161,266,26
279,159,260,19
296,164,269,27
280,147,250,30
261,152,244,17
267,144,238,29
283,162,262,21
228,126,210,18
273,143,243,30
227,129,209,18
269,143,238,31
308,157,276,32
250,143,230,20
267,144,241,26
273,151,249,24
307,165,275,32
250,138,232,18
275,149,250,25
250,144,232,18
272,148,247,25
280,154,257,23
282,151,254,28
250,133,224,26
303,181,285,18
252,139,230,22
295,160,267,28
298,162,270,28
272,154,254,18
270,151,248,22
214,112,193,21
315,174,286,29
267,149,245,22
320,174,290,30
275,154,252,23
290,163,267,23
306,173,283,23
176,100,162,14
256,139,231,25
289,162,266,23
316,183,296,20
287,153,257,30
271,149,246,25
279,156,255,24
285,160,260,25
262,148,241,21
286,162,263,23
291,166,269,22
288,156,260,28
273,155,252,21
296,157,263,33
303,174,280,23
273,146,244,29
248,138,226,22
297,168,274,23
277,152,253,24
312,185,295,17
275,159,256,19
277,151,251,26
240,139,224,16
281,160,260,21
268,147,243,25
266,142,238,28
262,145,239,23
289,150,256,33
282,143,252,30
240,131,217,23
266,146,242,24
372,213,343,29
308,168,280,28
284,149,255,29
270,147,245,25
293,160,268,25
273,151,249,24
308,164,277,31
273,151,250,23
273,152,250,23
374,208,344,30
290,165,266,24
285,161,262,23
266,146,243,23
297,162,269,28
234,135,217,17
260,138,233,27
282,155,256,26
266,155,250,16
256,146,237,19
244,137,221,23
246,138,226,20
266,150,246,20
294,159,265,29
297,157,264,33
297,161,270,27
266,144,241,25
303,163,273,30
249,135,227,22
272,154,250,22
282,156,256,26
310,173,286,24
272,155,252,20
253,147,236,17
276,150,252,24
281,150,253,28
263,143,240,23
276,148,250,26
283,161,262,21
306,158,272,34
273,146,244,29
270,155,253,17
248,141,231,17
287,151,256,31
264,156,248,16
246,134,223,23
261,136,231,30
237,132,218,19
301,164,272,29
320,175,290,30
286,158,261,25
290,147,255,35
268,147,243,25
277,159,257,20
275,158,255,20
292,154,262,30
296,164,276,20
264,146,241,23
276,157,254,22
240,133,218,22
241,141,225,16
301,169,276,25
285,157,264,21
275,154,251,24
254,140,234,20
280,136,242,38
272,158,254,18
295,165,271,24
277,153,252,25
276,156,252,24
239,137,220,19
303,162,273,30
290,156,263,27
268,155,251,17
289,166,268,21
281,157,259,22
264,148,246,18
294,162,270,24
273,145,245,28
329,175,296,33
295,157,266,29
299,164,270,29
282,165,265,17
356,203,330,26
245,133,221,24
264,146,241,23
310,172,284,26
290,160,263,27
285,159,261,24
281,150,253,28
256,127,223,33
274,159,253,21
280,150,252,28
278,161,260,18
320,172,294,26
293,162,267,26
284,157,258,26
272,148,246,26
266,150,244,22
288,154,260,28
290,156,260,30
293,158,263,30
298,169,277,21
274,148,246,28
267,151,246,21
256,147,238,18
253,141,232,21
278,157,257,21
296,161,268,28
270,148,245,25
279,156,254,25
312,169,284,28
263,145,240,23
262,139,238,24
269,145,241,28
279,153,256,23
284,155,257,27
281,153,256,25
285,153,258,27
331,180,300,31
287,158,262,25
271,150,249,22
283,167,266,17
295,156,264,31
181,100,167,14
282,157,258,24
283,147,249,34
264,142,237,27
289,156,261,28
271,143,241,30
175,94,157,18
170,91,152,18
266,149,245,21
152,80,135,17
270,146,245,25
366,191,328,38
299,166,272,27
222,117,198,24
178,95,160,18
206,113,187,19
355,195,320,35
278,158,257,21
256,143,235,21
181,93,159,22
174,95,157,17
264,143,240,24
353,190,321,32
350,198,323,27
298,155,267,31
256,138,232,24
268,154,249,19
285,169,269,16
249,140,231,18
165,94,152,13
258,146,240,18
263,144,239,24
211,110,186,25
242,134,220,22
279,163,260,19
270,141,239,31
258,145,239,19
189,105,174,15
192,105,173,19
202,108,181,21
268,153,248,20
263,144,239,24
288,165,267,21
293,161,265,28
290,164,268,22
287,159,262,25
296,164,271,25
242,128,217,25
363,204,337,26
276,143,245,31
285,153,259,26
277,154,254,23
363,194,326,37
286,162,264,22
176,99,163,13
283,159,260,23
263,142,236,27
284,158,261,23
227,130,211,16
265,145,242,23
287,166,268,19
253,138,230,23
292,168,272,20
173,102,162,11
291,159,263,28
313,169,285,28
235,125,211,24
263,139,234,29
288,157,263,25
342,191,313,29
377,201,337,40
288,160,265,23
157,90,146,11
186,107,172,14
310,176,287,23
278,152,252,26
174,98,161,13
179,93,159,20
264,149,243,21
261,152,243,18
379,208,348,31
160,91,148,12
289,158,261,28
294,164,268,26
155,83,139,16
294,155,261,33
287,151,257,30
266,143,241,25
276,151,249,27
267,151,247,20
311,175,285,26
358,193,326,32
263,143,237,26
370,197,331,39
261,145,240,21
265,143,240,25
271,147,245,26
238,122,211,27
262,142,236,26
288,160,265,23
281,162,261,20
239,136,221,18
198,113,183,15
282,161,261,21
185,100,168,17
264,147,242,22
385,218,355,30
370,201,334,36
246,140,227,19
359,202,331,28
165,90,149,16
316,178,292,24
364,199,331,33
311,167,279,32
286,163,265,21
280,163,260,20
270,151,249,21
273,156,253,20
300,162,274,26
359,203,330,29
163,89,148,15
256,148,238,18
267,154,249,18
158,85,143,15
279,150,251,28
292,164,266,26
377,203,343,34
317,164,285,32
302,172,280,22
383,204,344,39
217,120,198,19
274,144,247,27
303,172,280,23
182,99,166,16
201,114,186,15
260,140,238,22
362,202,332,30
242,134,220,22
294,168,272,22
265,148,243,22
278,151,256,22
317,168,288,29
287,160,262,25
232,124,211,21
359,187,325,34
272,159,255,17
251,139,227,24
271,152,249,22
249,143,230,19
163,89,149,14
259,149,241,18
350,196,320,30
354,199,327,27
281,164,264,17
338,185,307,31
276,156,255,21
258,137,232,26
300,168,276,24
282,163,264,18
244,140,225,19
256,140,233,23
259,140,233,26
257,135,233,24
258,147,239,19
160,81,140,20
265,149,244,21
387,211,351,36
250,140,231,19
280,148,251,29
232,132,214,18
260,147,240,20
300,157,270,30
257,143,236,21
358,199,329,29
271,147,247,24
262,144,238,24
271,147,245,26
226,126,206,20
274,154,252,22
281,161,264,17
327,175,293,34
282,153,258,24
334,182,302,32
240,131,218,22
310,169,281,29
301,166,274,27
324,183,300,24
322,181,296,26
356,191,324,32
255,144,234,21
302,169,279,23
353,188,318,35
210,111,189,21
308,164,278,30
227,126,207,20
225,126,208,17
340,182,308,32
223,125,205,18
367,206,339,28
256,137,229,27
363,210,339,24
331,187,308,23
321,180,295,26
270,143,243,27
258,140,237,21
288,161,265,23
380,199,340,40
252,142,233,19
308,171,286,22
373,197,336,37
267,137,236,31
252,135,225,27
309,168,279,30
237,135,219,18
404,228,372,32
254,133,228,26
273,155,253,20
323,172,291,32
281,155,257,24
374,212,345,29
331,187,303,28
278,150,253,25
205,117,190,15
255,135,227,28
203,117,190,13
231,130,213,18
219,127,205,14
264,143,239,25
167,89,151,16
329,181,300,29
258,147,235,23
239,126,215,24
264,141,237,27
278,161,260,18
344,195,317,27
233,126,211,22
201,114,187,14
281,159,261,20
354,190,320,34
362,202,331,31
254,134,227,27
340,192,314,26
389,208,349,40
273,159,255,18
296,165,270,26
237,128,215,22
183,102,168,15
375,186,326,49
302,170,279,23
318,179,293,25
316,176,290,26
357,196,324,33
301,163,273,28
337,185,306,31
281,156,257,24
274,142,246,28
284,151,256,28
233,121,207,26
379,213,348,31
322,175,293,29
284,158,260,24
266,147,241,25
256,139,232,24
330,190,306,24
252,138,229,23
346,183,310,36
296,165,270,26
320,177,293,27
297,161,270,27
305,173,283,22
266,146,240,26
236,130,215,21
299,167,275,24
210,111,187,23
381,205,345,36
381,211,348,33
276,149,250,26
261,141,237,24
320,172,289,31
279,147,249,30
247,139,229,18
290,159,264,26
270,153,249,21
286,163,263,23
279,159,261,18
212,115,194,18
358,203,330,28
195,106,178,17
368,200,333,35
235,133,216,19
262,146,239,23
265,145,240,25
290,157,263,27
279,163,262,17
177,98,163,14
269,145,240,29
314,178,291,23
290,166,268,22
342,188,310,32
279,157,258,21
196,103,176,20
273,141,244,29
365,187,323,42
338,186,311,27
380,200,341,39
281,159,259,22
400,222,365,35
272,149,248,24
200,103,180,20
293,152,260,33
312,171,287,25
310,172,283,27
284,149,256,28
367,200,334,33
246,134,225,21
299,168,275,24
267,136,235,32
250,142,231,19
178,94,160,18
220,124,201,19
282,157,259,23
226,123,205,21
231,128,211,20
254,143,234,20
328,177,295,33
353,197,324,29
365,197,332,33
215,118,196,19
290,158,264,26
296,154,263,33
205,109,184,21
350,186,313,37
279,148,254,25
260,142,237,23
362,197,327,35
155,86,141,14
316,175,289,27
278,156,260,18
188,105,174,14
362,204,331,31
243,133,221,22
346,187,313,33
210,116,192,18
237,135,218,19
273,149,249,24
274,148,247,27
289,159,264,25
128,70,117,11
215,117,196,19
339,191,314,25
258,145,238,20
281,162,260,21
282,160,260,22
289,158,263,26
281,155,254,27
285,157,259,26
369,201,336,33
226,125,207,19
368,198,331,37
340,191,313,27
279,149,254,25
318,174,291,27
356,201,329,27
282,161,263,19
369,198,336,33
229,128,210,19
305,166,275,30
362,206,336,26
191,102,171,20
249,134,227,22
228,126,207,21
259,139,235,24
319,177,292,27
264,144,240,24
277,148,250,27
322,172,290,32
264,150,243,21
378,206,344,34
332,188,304,28
372,211,343,29
286,151,260,26
350,196,322,28
297,159,267,30
245,139,227,18
335,186,307,28
234,137,218,16
247,139,227,20
265,144,241,24
282,157,258,24
256,148,237,19
166,92,153,13
249,140,230,19
371,206,340,31
254,131,228,26
302,171,281,21
266,144,242,24
281,154,256,25
245,137,224,21
308,171,285,23
288,155,260,28
227,130,211,16
286,148,253,33
223,124,206,17
216,118,196,20
282,160,259,23
311,176,284,27
281,156,257,24
353,198,325,28
134,74,121,13
200,107,180,20
225,127,208,17
279,159,258,21
246,131,220,26
170,94,154,16
280,156,256,24
290,158,263,27
242,136,221,21
258,142,235,23
276,142,244,32
395,220,365,30
164,92,150,14
275,154,253,22
268,150,247,21
283,167,266,17
241,135,220,21
258,148,241,17
387,214,354,33
221,119,200,21
285,157,261,24
266,153,247,19
347,187,314,33
335,177,302,33
267,150,248,19
250,138,233,17
274,153,251,23
378,199,337,41
285,158,259,26
374,210,348,26
267,154,248,19
271,156,251,20
233,128,212,21
270,149,246,24
341,184,309,32
349,185,313,36
212,118,193,19
223,124,204,19
228,126,207,21
393,203,350,43
355,199,325,30
250,135,229,21
305,167,278,27
391,213,356,35
278,150,251,27
201,105,180,21
251,137,230,21
201,111,184,17
354,190,320,34
261,152,244,17
276,150,250,26
277,159,257,20
292,160,267,25
319,188,299,20
290,155,264,26
201,113,185,16
212,112,190,22
243,132,222,21
255,146,235,20
321,181,295,26
323,190,302,21
263,149,242,21
247,138,228,19
229,124,207,22
289,156,262,27
315,165,279,36
302,163,272,30
284,153,257,27
325,175,293,32
252,139,229,23
301,171,278,23
344,190,314,30
311,177,287,24
280,152,255,25
289,166,270,19
251,139,231,20
272,155,252,20
363,195,328,35
300,156,269,31
267,139,236,31
279,151,253,26
267,147,247,20
243,132,225,18
294,156,266,28
301,170,280,21
229,130,212,17
358,198,327,31
184,99,167,17
245,125,216,29
295,161,269,26
271,150,248,23
361,199,331,30
254,144,237,17
249,142,231,18
335,176,299,36
258,137,231,27
172,98,158,14
254,141,233,21
286,157,259,27
250,146,233,17
300,168,279,21
350,185,314,36
239,132,218,21
290,153,260,30
276,147,248,28
294,165,269,25
279,149,250,29
349,189,316,33
267,145,241,26
303,163,275,28
256,145,237,19
291,166,271,20
263,139,236,27
252,143,234,18
280,156,255,25
276,145,249,27
223,120,200,23
323,175,296,27
373,219,349,24
313,174,289,24
274,147,245,29
218,115,197,21
224,118,201,23
362,195,326,36
300,166,277,23
253,140,231,22
286,159,262,24
246,142,227,19
293,168,270,23
276,151,251,25
343,188,313,30
197,111,180,17
263,147,241,22
266,141,240,26
206,114,188,18
295,162,271,24
264,146,242,22
233,135,217,16
288,154,257,31
320,182,296,24
268,142,244,24
272,147,246,26
287,161,265,22
336,181,303,33
290,160,265,25
286,158,260,26
284,158,260,24
378,218,350,28
352,190,319,33
273,145,246,27
271,146,245,26
234,132,216,18
205,118,190,15
201,108,180,21
313,162,282,31
305,166,277,28
327,179,297,30
220,122,201,19
207,121,193,14
278,152,251,27
381,202,345,36
170,96,154,16
252,139,230,22
350,189,317,33
209,113,189,20
386,207,352,34
151,85,139,12
193,103,173,20
367,188,328,39
276,140,242,34
287,154,263,24
224,126,205,19
290,159,263,27
180,97,163,17
229,128,210,19
388,206,353,35
212,124,198,14
286,163,265,21
350,192,317,33
238,123,210,28
248,136,224,24
308,166,278,30
302,162,271,31
401,218,365,36
313,172,285,28
357,186,318,39
162,94,150,12
257,132,227,30
346,190,315,31
289,162,266,23
233,128,211,22
236,133,217,19
399,206,361,38
249,144,230,19
288,152,259,29
280,155,258,22
278,152,254,24
265,142,237,28
284,161,262,22
196,111,179,17
242,143,226,16
298,170,275,23
209,117,192,17
326,181,301,25
240,134,220,20
289,159,265,24
281,166,263,18
224,126,204,20
246,136,226,20
177,94,160,17
274,151,250,24
286,156,259,27
217,121,197,20
268,153,249,19
278,144,249,29
236,126,210,26
282,154,258,24
268,145,242,26
360,199,331,29
296,163,270,26
276,160,256,20
331,180,303,28
183,98,163,20
307,167,277,30
311,178,289,22
274,152,252,22
244,130,220,24
222,120,200,22
254,133,227,27
278,151,250,28
347,179,306,41
369,214,343,26
312,168,285,27
291,163,270,21
385,204,348,37
317,168,284,33
310,169,284,26
279,153,254,25
276,152,254,22
340,186,309,31
335,182,301,34
273,149,248,25
381,201,344,37
246,134,226,20
368,200,332,36
378,205,346,32
308,162,280,28
374,209,343,31
334,187,307,27
222,127,205,17
191,106,174,17
291,163,270,21
329,182,301,28
351,192,319,32
158,88,145,13
244,144,228,16
268,149,245,23
348,191,314,34
268,145,242,26
367,191,324,43
308,160,273,35
329,186,300,29
291,160,266,25
290,163,269,21
309,169,283,26
373,199,340,33
377,203,341,36
258,146,237,21
313,172,286,27
291,159,264,27
216,121,199,17
405,208,365,40
201,102,177,24
399,212,362,37
203,113,185,18
384,199,342,42
192,105,174,18
253,140,229,24
374,211,344,30
296,168,272,24
335,183,304,31
268,144,241,27
299,161,268,31
365,203,333,32
331,170,299,32
202,115,187,15
274,140,247,27
244,130,222,22
267,149,245,22
268,154,247,21
349,191,318,31
323,176,292,31
257,147,237,20
345,196,321,24
317,182,295,22
258,137,234,24
251,142,232,19
395,226,368,27
342,186,311,31
342,185,309,33
263,142,238,25
294,165,270,24
257,144,235,22
303,165,277,26
295,167,273,22
344,189,314,30
395,214,362,33
348,198,322,26
311,171,284,27
327,187,304,23
347,188,314,33
309,178,287,22
349,189,317,32
268,149,245,23
220,119,200,20
392,221,364,28
371,208,340,31
299,162,270,29
293,163,268,25
342,191,313,29
278,158,258,20
187,105,172,15
239,130,219,20
271,152,248,23
341,187,310,31
220,120,199,21
365,209,339,26
344,176,303,41
316,177,289,27
353,197,325,28
387,207,350,37
223,127,205,18
245,136,225,20
217,130,203,14
330,174,298,32
396,215,362,34
386,198,342,44
280,154,253,27
199,103,178,21
325,187,303,22
330,189,306,24
341,183,307,34
274,158,256,18
349,189,316,33
337,183,308,29
249,137,226,23
348,199,324,24
257,151,240,17
318,164,282,36
257,144,235,22
280,161,262,18
207,114,188,19
339,189,307,32
302,167,275,27
333,180,300,33
324,180,296,28
303,157,268,35
366,197,330,36
246,131,224,22
313,164,281,32
288,159,263,25
379,211,346,33
269,156,251,18
360,200,327,33
286,154,260,26
382,217,354,28
231,124,208,23
280,156,255,25
397,212,361,36
196,111,179,17
252,141,233,19
264,149,243,21
240,135,219,21
300,167,276,24
288,152,259,29
286,160,262,24
314,173,288,26
250,133,225,25
325,187,303,22
179,102,166,13
325,185,300,25
322,171,290,32
354,183,316,38
354,199,326,28
333,188,306,27
316,174,288,28
226,119,201,25
305,166,278,27
314,179,292,22
278,158,256,22
342,181,305,37
325,185,300,25
290,162,266,24
371,195,333,38
277,145,246,31
301,157,270,31
237,126,213,24
276,149,251,25
314,171,287,27
342,182,308,34
357,195,323,34
289,158,264,25
291,162,266,25
303,170,279,24
261,142,237,24
356,196,326,30
324,169,289,35
280,152,253,27
296,148,258,38
295,161,266,29
309,171,283,26
357,192,321,36
381,207,347,34
290,141,254,36
269,147,243,26
311,161,275,36
328,174,295,33
268,149,246,22
302,172,280,22
352,202,327,25
392,223,362,30
327,175,295,32
212,116,194,18
214,113,193,21
303,171,279,24
254,136,227,27
293,163,269,24
280,142,244,36
304,157,268,36
319,174,293,26
251,139,230,21
292,157,262,30
383,203,343,40
311,170,283,28
160,81,142,18
250,140,229,21
306,171,281,25
359,192,326,33
325,178,295,30
314,171,284,30
356,196,324,32
326,182,301,25
298,169,276,22
302,163,275,27
370,206,340,30
393,224,362,31
295,167,271,24
276,149,252,24
319,177,291,28
280,150,251,29
312,176,288,24
339,187,308,31
282,153,258,24
281,148,250,31
223,115,199,24
274,154,252,22
189,106,173,16
198,109,180,18
312,174,288,24
298,160,268,30
259,137,232,27
296,165,270,26
266,150,244,22
324,184,300,24
323,180,294,29
308,168,281,27
319,172,288,31
263,144,240,23
290,162,266,24
186,99,166,20
286,155,259,27
251,140,230,21
317,180,292,25
288,156,260,28
290,163,269,21
322,170,287,35
307,167,279,28
303,170,278,25
257,141,233,24
360,197,325,35
338,193,312,26
316,181,293,23
297,167,273,24
364,199,329,35
262,140,234,28
262,149,243,19
272,154,252,20
352,183,314,38
329,175,297,32
383,194,339,44
138,75,129,9
340,191,310,30
337,190,310,27
338,181,304,34
305,168,278,27
221,117,201,20
235,130,214,21
363,198,328,35
292,164,269,23
323,179,296,27
276,160,257,19
318,178,293,25
168,91,152,16
307,173,281,26
344,185,310,34
180,97,162,18
297,164,270,27
270,154,248,22
303,169,276,27
314,178,289,25
277,145,248,29
194,108,176,18
242,134,220,22
262,149,242,20
326,187,302,24
278,148,250,28
299,167,275,24
307,171,282,25
272,147,246,26
282,147,259,23
305,168,277,28
284,157,259,25
360,196,325,35
179,99,165,14
211,113,192,19
360,195,330,30
292,153,261,31
362,197,327,35
307,170,280,27
330,185,302,28
299,161,269,30
317,167,283,34
259,142,238,21
326,179,297,29
235,130,214,21
291,168,269,22
353,189,318,35
314,169,283,31
279,150,251,28
303,170,279,24
395,214,357,38
350,187,313,37
314,175,286,28
275,156,254,21
382,203,345,37
259,139,235,24
261,149,241,20
283,163,263,20
334,184,304,30
239,137,222,17
280,156,257,23
310,169,280,30
316,171,287,29
218,124,202,16
266,146,241,25
373,215,347,26
358,202,332,26
295,161,270,25
271,157,253,18
340,186,309,31
160,88,147,13
269,145,245,24
274,147,248,26
335,180,303,32
284,157,259,25
313,182,291,22
324,180,296,28
281,153,257,24
267,149,246,21
285,159,261,24
328,185,301,27
326,185,300,26
262,144,241,21
359,192,326,33
247,136,225,22
157,87,145,12
287,160,266,21
336,182,303,33
281,147,250,31
249,143,231,18
292,156,263,29
376,199,337,39
378,215,349,29
279,160,259,20
261,139,235,26
300,173,279,21
327,182,301,26
193,110,178,15
315,171,286,29
330,188,305,25
306,165,277,29
303,166,274,29
311,175,285,26
269,139,237,32
262,137,233,29
291,160,265,26
299,164,269,30
307,176,284,23
268,149,246,22
380,203,344,36
361,197,326,35
287,151,257,30
360,204,332,28
351,195,321,30
348,195,320,28
385,198,341,44
375,207,342,33
316,173,286,30
315,176,289,26
307,163,275,32
363,205,335,28
358,189,321,37
259,135,236,23
340,179,304,36
324,180,299,25
283,154,257,26
283,162,262,21
350,194,321,29
389,208,350,39
391,220,358,33
265,150,247,18
274,148,249,25
261,143,238,23
362,198,328,34
311,166,280,31
286,160,263,23
249,143,231,18
328,176,297,31
275,148,247,28
166,89,149,17
248,137,228,20
356,197,329,27
156,85,142,14
319,182,294,25
278,153,252,26
383,209,347,36
222,121,200,22
164,92,151,13
131,73,119,12
193,106,179,14
217,123,201,16
158,92,148,10
371,214,345,26
151,80,136,15
180,100,165,15
258,132,226,32
217,118,198,19
316,172,286,30
204,112,184,20
358,202,330,28
368,199,336,32
320,174,289,31
201,109,183,18
295,171,275,20
247,136,225,22
235,125,212,23
358,197,327,31
262,135,236,26
254,136,232,22
221,121,202,19
282,161,264,18
140,80,129,11
201,119,190,11
309,167,279,30
316,172,287,29
320,178,291,29
148,84,137,11
281,151,252,29
301,175,278,23
314,169,283,31
234,127,212,22
231,133,215,16
246,127,217,29
298,168,277,21
260,143,238,22
198,115,186,12
281,155,256,25
221,119,199,22
344,191,316,28
245,142,228,17
138,78,127,11
366,202,335,31
263,151,246,17
320,175,290,30
357,196,324,33
149,79,133,16
263,155,247,16
260,140,235,25
176,96,159,17
349,189,316,33
147,74,130,17
286,147,255,31
308,172,282,26
219,123,201,18
361,203,334,27
305,160,272,33
209,113,187,22
282,162,261,21
328,184,304,24
152,85,139,13
218,123,200,18
179,104,166,13
135,72,122,13
179,105,167,12
181,106,168,13
338,183,305,33
179,98,163,16
214,123,198,16
205,117,190,15
241,131,219,22
332,182,303,29
160,89,146,14
213,118,196,17
218,124,202,16
231,128,213,18
308,160,279,29
250,128,223,27
382,221,354,28
325,181,298,27
141,82,130,11
275,153,253,22
148,85,138,10
193,104,174,19
305,163,275,30
198,110,183,15
259,137,234,25
249,135,226,23
315,169,283,32
191,103,173,18
233,129,213,20
316,172,286,30
327,167,290,37
325,181,299,26
323,190,303,20
222,126,206,16
168,88,151,17
166,90,151,15
210,122,196,14
207,115,189,18
242,126,215,27
316,166,282,34
176,101,162,14
321,177,294,27
303,174,282,21
306,174,282,24
136,75,124,12
213,119,196,17
119,68,110,9
210,122,195,15
187,99,165,22
149,83,137,12
185,106,171,14
264,146,243,21
232,122,210,22
243,135,223,20
375,216,349,26
172,99,158,14
218,120,198,20
354,182,313,41
208,107,185,23
231,125,207,24
338,195,315,23
325,181,298,27
146,76,130,16
206,115,189,17
145,77,130,15
279,154,256,23
301,166,275,26
255,133,227,28
251,137,231,20
236,123,210,26
174,98,161,13
202,114,185,17
185,107,172,13
208,114,189,19
269,149,245,24
248,131,223,25
347,191,314,33
335,185,306,29
193,109,177,16
149,81,134,15
158,87,144,14
235,127,213,22
226,113,196,30
221,128,206,15
217,122,200,17
334,183,305,29
211,118,194,17
240,132,218,22
150,80,135,15
359,189,327,32
183,99,166,17
389,207,348,41
236,126,212,24
329,180,298,31
182,105,168,14
324,181,297,27
215,119,198,17
321,177,292,29
305,174,281,24
362,199,329,33
368,198,336,32
261,141,237,24
188,104,171,17
279,146,245,34
215,113,197,18
293,159,264,29
161,87,146,15
341,193,318,23
166,91,150,16
314,176,288,26
260,138,235,25
187,95,165,22
199,105,178,21
183,103,169,14
264,145,241,23
169,93,155,14
371,201,337,34
197,113,184,13
319,175,289,30
216,112,192,24
154,83,139,15
291,160,267,24
166,96,154,12
223,114,200,23
249,132,222,27
172,91,155,17
334,184,303,31
130,74,120,10
232,130,213,19
306,177,285,21
386,203,345,41
249,138,228,21
178,100,163,15
143,82,133,10
316,181,292,24
317,171,287,30
271,142,243,28
161,88,146,15
277,158,256,21
331,171,299,32
323,173,290,33
141,74,126,15
152,85,139,13
299,163,271,28
204,107,183,21
289,161,263,26
274,155,253,21
195,109,179,16
300,174,278,22
244,133,221,23
188,100,169,19
355,198,324,31
152,84,138,14
201,111,183,18
272,152,249,23
338,188,310,28
280,157,257,23
143,81,133,10
295,166,272,23
146,86,136,10
329,188,304,25
387,215,357,30
153,89,143,10
191,101,171,20
237,130,215,22
329,188,305,24
292,167,271,21
191,102,173,18
249,144,231,18
299,170,276,23
406,215,363,43
334,181,302,32
202,109,181,21
236,130,214,22
208,109,186,22
160,87,144,16
248,141,231,17
309,169,284,25
144,79,130,14
366,199,334,32
283,157,261,22
121,68,112,9
302,158,272,30
350,192,319,31
343,192,313,30
352,200,325,27
155,85,142,13
216,125,202,14
181,102,166,15
374,204,340,34
320,181,293,27
282,157,258,24
206,112,188,18
293,164,269,24
242,133,219,23
348,197,318,30
192,108,176,16
276,158,257,19
269,155,252,17
212,115,192,20
310,175,282,28
228,121,209,19
205,115,186,19
207,115,189,18
337,194,312,25
230,125,208,22
349,194,320,29
218,121,201,17
326,173,294,32
267,146,244,23
296,157,265,31
305,174,282,23
308,164,277,31
163,94,151,12
334,187,306,28
217,120,197,20
347,197,322,25
331,180,300,31
148,82,134,14
333,186,307,26
277,159,257,20
224,118,202,22
297,174,279,18
245,137,225,20
397,218,362,35
346,196,318,28
148,78,132,16
228,131,211,17
341,182,310,31
292,159,264,28
260,146,240,20
290,152,259,31
306,168,279,27
144,78,130,14
360,199,329,31
140,79,129,11
299,169,276,23
189,105,174,15
359,196,328,31
223,125,203,20
322,175,291,31
286,159,262,24
111,62,102,9
222,124,206,16
226,116,200,26
335,183,305,30
208,116,192,16
176,97,159,17
270,144,241,29
373,199,337,36
169,97,157,12
144,74,129,15
231,132,215,16
345,189,314,31
311,177,284,27
189,106,173,16
339,188,309,30
288,155,260,28
383,209,349,34
270,154,249,21
320,182,297,23
292,163,268,24
267,154,249,18
194,105,174,20
359,199,333,26
152,86,141,11
150,83,138,12
209,116,190,19
322,187,300,22
294,161,269,25
317,171,290,27
301,174,279,22
356,196,328,28
278,155,256,22
189,103,172,17
243,134,226,17
359,197,327,32
207,113,191,16
312,174,287,25
354,188,318,36
216,115,195,21
355,195,322,33
178,99,164,14
147,84,136,11
207,120,194,13
210,113,190,20
337,189,310,27
352,199,324,28
155,85,143,12
335,186,307,28
197,114,181,16
309,181,287,22
368,199,336,32
274,152,250,24
270,157,251,19
314,179,290,24
302,167,275,27
185,98,165,20
137,75,125,12
264,141,237,27
347,185,312,35
178,100,166,12
311,179,289,22
274,146,248,26
261,147,242,19
318,174,288,30
183,104,170,13
308,176,285,23
333,192,310,23
218,114,193,25
177,97,161,16
296,170,275,21
236,125,210,26
352,199,324,28
265,146,244,21
281,150,256,25
146,79,133,13
230,123,207,23
179,102,165,14
255,139,232,23
258,138,233,25
244,140,225,19
247,143,231,16
192,111,178,14
207,115,191,16
257,144,236,21
223,125,206,17
307,164,275,32
223,122,204,19
154,91,144,10
316,178,290,26
303,162,273,30
313,167,280,33
308,171,283,25
277,155,254,23
191,107,176,15
321,179,294,27
168,86,149,19
349,185,314,35
291,159,265,26
348,192,320,28
370,200,335,35
130,71,118,12
309,158,274,35
326,178,296,30
184,102,170,14
275,154,253,22
176,96,161,15
167,91,152,15
130,71,118,12
178,102,164,14
180,103,166,14
204,111,187,17
253,138,229,24
207,113,188,19
161,90,148,13
242,133,222,20
224,131,209,15
314,176,288,26
159,91,147,12
152,85,139,13
133,71,119,14
332,186,308,24
288,162,264,24
285,160,260,25
352,184,316,36
213,111,190,23
276,156,254,22
181,99,167,14
226,121,204,22
221,112,194,27
295,166,273,22
275,143,247,28
240,132,221,19
352,193,318,34
324,176,293,31
171,93,155,16
179,102,165,14
237,122,213,24
275,148,248,27
169,91,153,16
269,154,250,19
321,182,297,24
262,148,244,18
337,179,303,34
269,155,250,19
181,99,163,18
237,126,214,23
349,193,319,30
233,121,207,26
307,156,271,36
291,163,267,24
139,78,128,11
267,142,240,27
242,135,223,19
303,171,277,26
294,165,269,25
389,223,361,28
371,209,341,30
202,109,182,20
141,77,129,12
261,149,242,19
260,143,237,23
222,126,204,18
213,120,194,19
212,118,194,18
340,186,309,31
308,159,274,34
228,127,210,18
346,199,322,24
336,183,304,32
160,89,149,11
365,202,334,31
410,224,378,32
177,105,166,11
352,198,324,28
137,79,128,9
408,233,378,30
165,90,151,14
228,125,211,17
215,117,196,19
245,131,223,22
228,127,211,17
147,78,134,13
198,109,180,18
357,191,317,40
353,192,318,35
230,123,205,25
326,180,299,27
291,165,269,22
252,131,224,28
200,111,182,18
168,97,156,12
250,143,232,18
150,84,137,13
223,124,202,21
276,156,256,20
275,153,251,24
338,193,312,26
272,153,251,21
331,192,308,23
295,166,270,25
321,189,301,20
322,174,290,32
209,112,188,21
185,104,170,15
311,173,285,26
169,88,152,17
149,88,140,9
239,124,213,26
149,85,138,11
317,177,291,26
142,74,127,15
174,94,157,17
298,166,274,24
275,150,249,26
207,119,192,15
233,126,212,21
227,129,212,15
209,118,194,15
324,178,295,29
297,164,272,25
349,186,315,34
352,190,318,34
161,81,143,18
201,109,181,20
281,158,260,21
238,133,218,20
173,87,153,20
330,175,295,35
258,144,240,18
282,156,257,25
250,140,231,19
317,179,294,23
243,137,224,19
335,177,301,34
145,82,134,11
140,75,125,15
153,89,142,11
181,99,165,16
321,174,291,30
250,143,231,19
176,94,157,19
192,104,175,17
230,130,213,17
258,145,238,20
140,76,127,13
240,135,220,20
218,123,202,16
184,108,172,12
201,112,183,18
180,97,163,17
148,88,138,10
152,86,140,12
284,167,266,18
298,158,272,26
149,78,134,15
332,190,306,26
285,157,262,23
320,176,293,27
233,135,217,16
277,154,254,23
376,207,345,31
310,174,284,26
167,97,156,11
208,115,189,19
314,170,287,27
352,194,322,30
139,78,129,10
231,126,211,20
164,94,152,12
208,114,188,20
272,158,251,21
360,198,326,34
339,196,313,26
304,166,279,25
210,119,195,15
138,79,127,11
400,220,367,33
303,166,276,27
278,150,252,26
302,161,274,28
321,177,296,25
204,117,190,14
388,194,343,45
190,95,169,21
313,168,282,31
170,92,153,17
210,120,194,16
313,172,288,25
359,196,326,33
333,187,307,26
337,192,311,26
143,82,133,10
297,169,274,23
368,204,338,30
352,197,326,26
179,97,162,17
230,132,214,16
303,169,277,26
257,146,234,23
307,172,283,24
254,140,232,22
300,170,277,23
290,161,264,26
324,187,300,24
165,100,156,9
351,201,327,24
325,181,298,27
281,161,260,21
234,126,212,22
340,183,305,35
216,119,198,18
192,104,175,17
204,114,188,16
228,131,211,17
162,94,150,12
363,196,328,35
186,104,171,15
158,92,148,10
244,136,224,20
260,142,236,24
304,171,279,25
238,132,218,20
225,121,204,21
249,141,229,20
266,149,245,21
137,78,126,11
202,117,189,13
287,157,261,26
250,140,230,20
148,83,137,11
278,148,250,28
226,119,202,24
246,132,224,22
339,186,309,30
250,136,225,25
177,95,161,16
203,116,189,14
195,99,171,24
322,181,299,23
261,141,236,25
184,111,173,11
158,88,144,14
150,76,132,18
309,169,280,29
224,123,203,21
122,72,114,8
119,66,109,10
321,167,285,36
240,133,220,20
195,105,177,18
167,91,152,15
276,145,248,28
198,113,182,16
247,132,223,24
191,109,177,14
200,104,178,22
237,130,218,19
314,168,283,31
137,78,127,10
178,96,163,15
227,130,211,16
155,88,145,10
280,144,256,24
322,174,291,31
194,106,176,18
349,188,314,35
150,81,134,16
243,138,224,19
147,83,136,11
330,182,301,29
297,164,273,24
166,99,155,11
296,166,271,25
265,149,246,19
182,97,164,18
278,155,254,24
368,209,341,27
304,167,278,26
377,217,350,27
218,119,199,19
272,139,239,33
244,135,223,21
264,149,244,20
339,185,307,32
354,192,321,33
267,143,240,27
211,120,196,15
345,192,316,29
241,132,218,23
190,106,174,16
252,136,227,25
176,89,154,22
306,164,275,31
343,188,312,31
218,123,202,16
131,75,122,9
277,152,253,24
295,161,267,28
171,91,153,18
218,121,201,17
326,184,303,23
170,97,158,12
192,108,176,16
155,88,144,11
323,181,296,27
227,131,211,16
345,195,319,26
336,186,308,28
240,128,218,22
247,144,230,17
185,106,173,12
148,81,134,14
306,169,280,26
196,110,179,17
153,84,139,14
268,152,248,20
284,157,258,26
345,193,317,28
168,90,153,15
177,100,163,14
267,153,250,17
218,118,199,19
301,168,278,23
373,206,339,34
120,69,110,10
207,115,189,18
337,187,309,28
297,170,277,20
297,164,271,26
329,178,297,32
312,170,283,29
188,102,170,18
231,119,207,24
155,77,137,18
339,178,304,35
203,115,189,14
145,80,133,12
165,91,152,13
134,72,122,12
349,190,316,33
164,97,154,10
302,176,282,20
247,137,226,21
267,150,245,22
354,194,322,32
206,113,189,17
213,108,190,23
291,164,269,22
308,166,278,30
302,167,276,26
316,176,290,26
283,147,256,27
305,170,278,27
307,162,275,32
165,94,152,13
186,103,171,15
270,146,246,24
302,172,279,23
309,173,286,23
138,77,127,11
276,151,250,26
281,159,259,22
393,214,357,36
151,83,140,11
358,203,331,27
152,80,136,16
128,69,116,12
158,91,147,11
135,73,122,13
316,171,288,28
390,210,356,34
327,174,293,34
241,131,216,25
318,177,292,26
341,192,316,25
258,143,237,21
184,102,167,17
201,113,183,18
294,165,271,23
240,130,216,24
188,105,173,15
359,182,319,40
233,132,215,18
219,126,204,15
364,205,337,27
232,119,203,29
344,189,313,31
246,139,226,20
269,144,246,23
273,151,249,24
254,138,231,23
267,148,244,23
357,201,330,27
259,137,233,26
170,95,156,14
397,226,368,29
354,183,314,40
296,162,269,27
338,181,303,35
311,171,283,28
274,144,246,28
366,205,335,31
134,75,124,10
199,109,180,19
206,111,186,20
181,100,166,15
135,73,124,11
393,211,355,38
364,200,329,35
271,151,247,24
229,132,212,17
363,191,327,36
338,188,312,26
292,152,259,33
136,74,127,9
233,125,211,22
204,114,189,15
180,100,167,13
377,209,346,31
254,144,234,20
181,103,167,14
314,175,289,25
364,200,334,30
288,158,264,24
204,108,184,20
280,155,256,24
234,133,219,15
320,174,289,31
257,147,236,21
169,91,153,16
359,196,323,36
384,206,349,35
352,188,317,35
227,132,213,14
185,104,169,16
309,167,278,31
350,194,320,30
149,82,136,13
283,156,257,26
146,79,131,15
158,89,145,13
242,132,220,22
145,76,130,15
306,166,277,29
184,106,170,14
226,121,203,23
186,106,171,15
369,216,346,23
285,158,258,27
133,76,124,9
262,145,238,24
309,170,282,27
196,110,180,16
299,174,279,20
199,110,182,17
317,176,291,26
378,206,342,36
249,133,224,25
281,146,254,27
309,173,284,25
314,173,286,28
346,194,316,30
221,129,207,14
356,196,323,33
299,158,269,30
166,93,153,13
210,116,191,19
138,77,126,12
335,182,304,31
353,196,324,29
330,186,303,27
219,124,203,16
281,153,256,25
196,95,170,26
298,170,277,21
196,110,180,16
209,116,191,18
271,149,247,24
157,83,143,14
185,104,172,13
191,102,171,20
310,178,288,22
295,164,269,26
232,125,209,23
279,158,257,22
174,96,159,15
147,76,129,18
279,154,253,26
343,186,310,33
260,144,238,22
261,150,242,19
289,154,262,27
154,88,142,12
193,105,174,19
349,196,322,27
159,94,148,11
326,176,294,32
356,195,326,30
165,90,149,16
361,201,329,32
265,146,243,22
278,155,254,24
314,172,289,25
296,168,273,23
293,161,269,24
339,180,303,36
317,180,293,24
301,161,272,29
288,161,265,23
255,137,231,24
237,134,217,20
295,161,268,27
247,126,221,26
361,194,326,35
320,172,287,33
322,180,296,26
299,175,279,20
297,162,266,31
157,84,142,15
229,124,205,24
146,81,135,11
171,93,153,18
144,78,130,14
168,89,150,18
358,192,321,37
210,116,191,19
253,141,232,21
269,146,242,27
281,163,258,23
347,196,319,28
212,113,191,21
378,212,345,33
192,105,174,18
305,172,281,24
349,192,319,30
194,112,180,14
213,120,192,21
285,160,263,22
239,129,217,22
278,152,252,26
299,160,268,31
194,107,177,17
181,105,169,12
197,103,175,22
331,188,306,25
161,90,148,13
